Clustering with 3963 elements and 57 clusters
[ 0] 0, 1, 3, 5, 6, 7, 9, 10, 11, 13, 15, 17, 18, 19, 20, 21, 22, 23, 25, 26,
     27, 29, 31, 33, 34, 35, 37, 39, 41, 42, 43, 44, 45, 46, 47, 48, 49, 50,
     51, 53, 54, 55, 56, 57, 58, 59, 60, 61, 63, 64, 65, 66, 67, 68, 69, 70,
     72, 73, 74, 75, 76, 77, 78, 80, 81, 82, 83, 85, 87, 88, 89, 90, 91, 93,
     94, 96, 97, 98, 99, 102, 105, 106, 109, 110, 111, 112, 113, 114, 115,
     116, 117, 118, 120, 121, 122, 124, 125, 126, 130, 133, 134, 137, 138,
     139, 140, 142, 145, 146, 147, 148, 149, 150, 152, 153, 155, 156, 157,
     158, 160, 161, 162, 164, 166, 168, 170, 171, 172, 174, 175, 177, 178,
     179, 180, 181, 182, 183, 184, 186, 188, 191, 192, 194, 195, 196, 197,
     198, 199, 200, 201, 202, 203, 205, 206, 208, 210, 211, 212, 213, 217,
     218, 219, 220, 221, 222, 223, 224, 225, 226, 227, 228, 229, 230, 231,
     233, 235, 236, 237, 238, 239, 241, 242, 243, 244, 245, 246, 247, 249,
     250, 254, 255, 256, 257, 258, 259, 260, 261, 263, 265, 266, 268, 269,
     271, 272, 274, 275, 276, 277, 278, 279, 280, 281, 282, 284, 285, 286,
     287, 288, 289, 290, 291, 292, 294, 295, 298, 300, 301, 302, 303, 304,
     305, 306, 309, 310, 311, 312, 314, 316, 317, 318, 319, 321, 322, 324,
     325, 326, 327, 328, 330, 331, 332, 333
[ 1] 2, 12, 14, 16, 24, 28, 36, 38, 86, 104, 107, 108, 129, 132, 136, 141,
     143, 154, 159, 204, 209, 215, 232, 251, 297, 299, 313, 320, 323, 329
[ 2] 4, 71, 144, 173, 187, 207, 262, 264, 293, 315
[ 3] 8, 84, 103, 185, 193, 234, 248, 253
[ 4] 30, 165, 334, 335, 336, 338, 339, 340, 341, 342, 344, 345, 346, 347, 348,
     350, 351, 352, 353, 355, 356, 357, 358, 359, 360, 361, 362, 363, 364,
     367, 368, 369, 370, 371, 372, 373, 375, 376, 377, 379, 380, 381, 382,
     383, 385, 386, 387, 388, 389, 390, 391, 392, 393, 394, 395, 396, 397,
     398, 399, 400, 401, 402, 403, 404, 405, 406, 407, 408, 410, 411, 412,
     413, 414, 415, 416, 417, 418, 419, 421, 422, 423, 424, 425, 427, 428,
     429, 430, 431, 432, 433, 434, 435, 436, 437, 439, 440, 442, 444, 445,
     446, 447, 448, 449, 450, 451, 452, 454, 455, 456, 457, 458, 459, 461,
     462, 463, 464, 465, 466, 467, 468, 469, 471, 472, 473, 474, 475, 476,
     477, 478, 479, 480, 481, 482, 483, 484, 486, 487, 488, 490, 491, 492,
     494, 495, 496, 497, 498, 499, 501, 503, 504, 505, 506, 507, 508, 509,
     510, 511, 512, 513, 514, 515, 516, 517, 518, 519, 520, 521, 522, 523,
     524, 525, 526, 527, 528, 529, 530, 531, 532, 533, 535, 536, 538, 539,
     540, 541, 542, 543, 544, 545, 546, 548, 549, 550, 551, 552, 553, 554,
     555, 563, 564, 568, 569, 573, 575, 576, 583, 585, 587, 589, 592, 606,
     611, 614, 617, 618, 621, 622, 625, 627, 628, 632, 643, 644, 646, 648,
     650, 657, 872, 877, 878, 881, 895, 901, 913, 927, 941, 966, 977, 978,
     990, 1045, 1060, 1077, 1078, 1085, 1105, 1117, 1141, 1171, 1184, 1198,
     1255, 1261, 1274, 1279, 1281, 1293, 1310, 1318, 1319, 1335, 1357, 1360,
     1368, 1382, 1385, 1387, 1406, 1415, 1424, 1446, 1449, 1465, 1471, 1473,
     1485, 1502, 1504, 1508, 1523, 1532, 1559, 1563, 1573, 1582, 1588, 1602,
     1611, 1614, 1617, 1628, 1630, 1634, 1636, 1649, 1651, 1652, 1653, 1670,
     1697, 1700, 1701, 1719, 1720, 1723, 1724, 1730, 1733, 1734, 1735, 1747,
     1758, 1765, 1800, 1809, 1826, 1834, 1837, 1838
[ 5] 32, 101, 119, 127, 131, 151, 176, 189, 240, 270, 273, 296, 307
[ 6] 40, 62, 79, 92, 95, 123, 135, 167, 169, 214, 216, 252, 267, 283, 308
[ 7] 52, 100, 163, 864, 866, 871, 873, 874, 882, 885, 886, 887, 888, 890, 891,
     892, 894, 897, 899, 911, 912, 916, 917, 918, 924, 925, 926, 931, 932,
     937, 938, 943, 945, 947, 948, 952, 956, 958, 960, 961, 962, 963, 964,
     967, 968, 969, 971, 973, 982, 987, 989, 991, 992, 993, 994, 996, 999,
     1003, 1004, 1005, 1012, 1013, 1014, 1015, 1019, 1020, 1021, 1023, 1024,
     1028, 1033, 1034, 1036, 1038, 1039, 1040, 1041, 1042, 1043, 1044, 1048,
     1049, 1051, 1052, 1053, 1056, 1057, 1065, 1069, 1071, 1074, 1076, 1080,
     1081, 1086, 1087, 1088, 1089, 1091, 1093, 1095, 1096, 1098, 1108, 1109,
     1111, 1112, 1113, 1115, 1118, 1119, 1122, 1123, 1125, 1126, 1127, 1133,
     1134, 1135, 1137, 1140, 1142, 1143, 1144, 1146, 1147, 1153, 1155, 1157,
     1158, 1160, 1161, 1162, 1163, 1164, 1167, 1168, 1169, 1170, 1172, 1175,
     1180, 1181, 1183, 1185, 1191, 1194, 1199, 1200, 1201, 1203, 1204, 1211,
     1214, 1216, 1217, 1223, 1224, 1226, 1227, 1228, 1230, 1231, 1232, 1233,
     1237, 1239, 1241, 1244, 1246, 1248, 1249, 1250, 1251, 1252, 1254, 1258,
     1262, 1263, 1266, 1273, 1278, 1282, 1284, 1287, 1288, 1290, 1291, 1292,
     1295, 1296, 1297, 1298, 1300, 1301, 1302, 1305, 1307, 1312, 1313, 1314,
     1320, 1322, 1326, 1328, 1330, 1331, 1336, 1337, 1338, 1341, 1344, 1345,
     1347, 1348, 1349, 1350, 1351, 1353, 1354, 1355, 1358, 1359, 1361, 1362,
     1365, 1367, 1369, 1371, 1376, 1379, 1380, 1390, 1391, 1394, 1395, 1397,
     1399, 1400, 1401, 1402, 1407, 1409, 1416, 1417, 1418, 1420, 1421, 1423,
     1426, 1429, 1430, 1435, 1436, 1439, 1442, 1443, 1444, 1445, 1447, 1450,
     1456, 1457, 1460, 1468, 1472, 1475, 1476, 1477, 1478, 1479, 1480, 1481,
     1482, 1483, 1486, 1487, 1489, 1491, 1494, 1496, 1497, 1498, 1499, 1501,
     1503, 1506, 1510, 1511, 1512, 1513, 1515, 1516, 1517, 1518, 1519, 1521,
     1522, 1528, 1529, 1530, 1538, 1541, 1542, 1546, 1547, 1551, 1554, 1555,
     1557, 1560, 1561, 1562, 1565, 1566, 1567, 1569, 1570, 1571, 1574, 1575,
     1576, 1577, 1578, 1579, 1580, 1583, 1584, 1589, 1594, 1596, 1598, 1600,
     1601, 1603, 1608, 1609, 1610, 1616, 1619, 1620, 1622, 1625, 1626, 1627,
     1631, 1632, 1635, 1640, 1642, 1645, 1646, 1650, 1654, 1657, 1658, 1659,
     1664, 1667, 1668, 1669, 1671, 1674, 1678, 1679, 1680, 1681, 1687, 1691,
     1692, 1693, 1694, 1698, 1703, 1707, 1709, 1710, 1711, 1712, 1714, 1715,
     1717, 1718, 1722, 1725, 1726, 1728, 1729, 1731, 1732, 1736, 1737, 1739,
     1746, 1748, 1749, 1750, 1752, 1753, 1754, 1756, 1757, 1761, 1762, 1766,
     1767, 1768, 1770, 1773, 1774, 1776, 1778, 1779, 1780, 1783, 1784, 1789,
     1790, 1791, 1792, 1794, 1795, 1798, 1799, 1801, 1802, 1805, 1807, 1808,
     1810, 1812, 1814, 1816, 1817, 1819, 1820, 1821, 1823, 1824, 1830, 1833,
     1835, 1839, 1841, 1842, 1844, 1846, 1847, 1854, 1856, 1858, 1861, 1864,
     1865, 1867, 2787, 2833, 2951, 3234
[ 8] 128, 1425, 1535, 1675, 1868, 1869, 1872, 1876, 1879, 1882, 1888, 1895,
     1896, 1897, 1900, 1901, 1903, 1904, 1908, 1910, 1911, 1915, 1920, 1923,
     1925, 1926, 1930, 1933, 1937, 1938, 1943, 1950, 1952, 1958, 1959, 1963,
     1966, 1973, 1982, 1984, 1985, 1987, 1988, 1992, 1994, 1995, 1998, 2003,
     2004, 2008, 2009, 2010, 2013, 2018, 2021, 2022, 2024, 2027, 2028, 2031,
     2036, 2040, 2042, 2051, 2054, 2056, 2057, 2065, 2066, 2072, 2080, 2082,
     2083, 2087, 2088, 2089, 2090, 2092, 2093, 2096, 2098, 2099, 2100, 2103,
     2104, 2106, 2108, 2110, 2116, 2118, 2124, 2129, 2130, 2131, 2132, 2133,
     2135, 2137, 2138, 2140, 2141, 2142, 2144, 2146, 2149, 2150, 2152, 2153,
     2157, 2159, 2162, 2163, 2165, 2168, 2169, 2173, 2175, 2176, 2177, 2178,
     2180, 2184, 2186, 2189, 2193, 2195, 2196, 2197, 2200, 2201, 2203, 2204,
     2206, 2208, 2210, 2213, 2218, 2219, 2221, 2222, 2223, 2225, 2226, 2227,
     2232, 2233, 2235, 2236, 2238, 2242, 2244, 2245, 2246, 2247, 2248, 2249,
     2251, 2255, 2257, 2258, 2263, 2265, 2268, 2271, 2272, 2274, 2275, 2278,
     2280, 2281, 2283, 2285, 2286, 2289, 2291, 2296, 2297, 2298, 2304, 2308,
     2311, 2315, 2319, 2320, 2321, 2325, 2330, 2332, 2335, 2337, 2338, 2342,
     2343, 2347, 2349, 2351, 2352, 2353, 2359, 2366, 2368, 2369, 2370, 2372,
     2373, 2378, 2385, 2387, 2389, 2391, 2398, 2404, 2405, 2406, 2410, 2413,
     2415, 2417, 2422, 2423, 2424, 2426, 2430, 2431, 2442, 2444, 2447, 2449,
     2452, 2453, 2456, 2459, 2460, 2461, 2462, 2463, 2465, 2467, 2468, 2469,
     2470, 2473, 2476, 2480, 2481, 2482, 2484, 2488, 2492, 2495, 2498, 2506,
     2508, 2516, 2517, 2518, 2519, 2521, 2522, 2531, 2532, 2538, 2539, 2542,
     2544, 2546, 2547, 2548, 2552, 2554, 2557, 2558, 2559, 2561, 2565, 2566,
     2578, 2584, 2586, 2590, 2591, 2592, 2598, 2600, 2601, 2602
[ 9] 190, 337, 349, 378, 384, 426, 438, 460, 485, 547
[10] 343, 354, 365, 366, 409, 420, 441, 443, 453, 470, 489, 493, 500, 502,
     534, 537
[11] 374, 879, 880, 889, 900, 902, 905, 908, 909, 914, 929, 930, 933, 939,
     942, 950, 951, 959, 965, 970, 975, 976, 1000, 1002, 1006, 1007, 1016,
     1017, 1027, 1030, 1035, 1037, 1054, 1055, 1058, 1070, 1073, 1084, 1090,
     1094, 1097, 1102, 1104, 1114, 1121, 1129, 1130, 1131, 1132, 1145, 1150,
     1151, 1174, 1178, 1186, 1187, 1189, 1197, 1205, 1207, 1209, 1210, 1219,
     1220, 1221, 1225, 1229, 1236, 1256, 1257, 1260, 1265, 1267, 1269, 1271,
     1272, 1299, 1304, 1309, 1315, 1316, 1323, 1325, 1327, 1346, 1372, 1375,
     1378, 1388, 1396, 1404, 1428, 1431, 1432, 1433, 1440, 1441, 1451, 1455,
     1459, 1463, 1466, 1469, 1484, 1488, 1490, 1495, 1500, 1527, 1533, 1581,
     1587, 1590, 1591, 1597, 1607, 1615, 1621, 1624, 1629, 1638, 1643, 1647,
     1656, 1660, 1666, 1682, 1684, 1695, 1696, 1702, 1705, 1706, 1713, 1716,
     1727, 1738, 1742, 1764, 1772, 1775, 1787, 1796, 1803, 1811, 1825, 1832,
     1853, 1860, 1862
[12] 556, 557, 558, 562, 567, 570, 571, 572, 574, 578, 579, 580, 584, 586,
     588, 590, 591, 594, 595, 596, 597, 598, 599, 600, 601, 602, 603, 607,
     608, 610, 613, 615, 620, 624, 629, 630, 631, 633, 636, 639, 640, 642,
     647, 651, 652, 653, 654, 656, 658, 659
[13] 559, 560, 561, 565, 566, 577, 581, 582, 593, 604, 605, 609, 612, 616,
     619, 623, 626, 634, 635, 637, 638, 641, 645, 649, 655
[14] 660, 661, 662, 664, 665, 666, 667, 668, 669, 670, 671, 672, 673, 674,
     676, 677, 678, 679, 680, 681, 682, 683, 684, 685, 686, 688, 689, 690,
     691, 692, 693, 694, 695, 696, 697, 699, 700, 701, 703, 704, 706, 707,
     708, 709, 710, 711, 712, 713, 714, 715, 716, 717, 718, 719, 720, 721,
     722, 723, 724, 725, 726, 727, 728, 729, 730, 731, 732, 733, 734, 735,
     736, 737, 738, 739, 741, 742, 743, 745, 746, 747, 748, 750, 751, 752,
     753, 754, 755, 756, 757, 758, 759, 760, 761, 763, 765, 766, 767, 768,
     770, 771, 772, 773, 775, 777, 779, 780, 781, 782, 783, 784, 785, 786,
     787, 788, 789, 791, 792, 793, 795, 796, 797, 798, 799, 800, 801, 802,
     803, 804, 805, 806, 807, 808, 809, 810, 812, 813, 814, 815, 816, 817,
     818, 819, 820, 821, 822, 823, 824, 825, 826, 827, 828, 831, 835, 840,
     850, 853, 859, 860
[15] 663, 675, 687, 698, 705, 740, 744, 762, 764, 769, 774, 778, 790, 794, 811
[16] 702, 776, 832, 834, 846, 848, 852, 855, 857, 858
[17] 749, 838, 843, 844, 845, 847, 854, 856
[18] 829, 833, 836, 839, 1050, 3381, 3382, 3384, 3388, 3392, 3393, 3394, 3395,
     3396, 3398, 3399, 3403, 3404, 3409, 3413, 3417, 3419, 3422, 3426, 3427,
     3430, 3433, 3434, 3437, 3438, 3439, 3443, 3445, 3446, 3454, 3456, 3459,
     3460, 3462, 3464, 3467, 3469, 3470, 3475, 3482, 3484, 3485, 3486, 3487,
     3489, 3490, 3492, 3494, 3498, 3499, 3501, 3502, 3505, 3507, 3514, 3515,
     3516, 3517, 3518, 3519, 3527, 3530, 3533, 3537, 3544, 3545, 3546, 3550,
     3551, 3552, 3559, 3560, 3562, 3566, 3567, 3568, 3574, 3576, 3578, 3581,
     3583, 3591, 3594, 3596, 3598, 3599, 3600, 3601, 3607, 3610, 3612, 3613,
     3614, 3617, 3621, 3623, 3624, 3626, 3627, 3628, 3629, 3631, 3632, 3633,
     3637, 3642, 3643, 3644, 3647, 3651, 3656, 3660, 3668, 3669, 3670, 3671,
     3672, 3674, 3675, 3679, 3680, 3682, 3684, 3687, 3692, 3693, 3697, 3699,
     3702, 3709, 3712, 3716, 3717, 3722, 3725, 3727, 3732, 3733, 3734, 3736,
     3737, 3740, 3741, 3743, 3744, 3753, 3759, 3763, 3765, 3766, 3767, 3773,
     3774, 3776, 3777, 3780, 3781, 3782, 3784, 3786, 3787, 3791, 3792, 3793,
     3794, 3805, 3806, 3810, 3813, 3817, 3818, 3819, 3821, 3822, 3824, 3830,
     3835, 3837, 3841, 3846, 3847, 3849, 3859, 3861, 3862, 3863, 3867, 3870,
     3872, 3873, 3875, 3876, 3880, 3882, 3885, 3886, 3891, 3894, 3898, 3900,
     3902, 3903, 3909, 3910
[19] 830, 837, 841, 842, 849, 851, 861, 862
[20] 863, 869, 922, 940, 946, 953, 954, 972, 974, 980, 984, 986, 1001, 1009,
     1025, 1032, 1047, 1064, 1068, 1079, 1083, 1092, 1110, 1120, 1138, 1152,
     1154, 1166, 1182, 1188, 1190, 1192, 1196, 1218, 1238, 1240, 1245, 1247,
     1253, 1259, 1276, 1283, 1306, 1308, 1311, 1340, 1342, 1352, 1364, 1373,
     1374, 1377, 1383, 1386, 1392, 1398, 1408, 1419, 1422, 1434, 1438, 1509,
     1531, 1534, 1536, 1540, 1544, 1548, 1549, 1553, 1568, 1585, 1592, 1593,
     1604, 1612, 1637, 1639, 1648, 1672, 1673, 1677, 1685, 1721, 1797, 1813,
     1815, 1818, 1828, 1829, 1831, 1840, 1843, 1855, 1859
[21] 865, 883, 884, 898, 906, 907, 910, 919, 934, 936, 949, 979, 983, 985,
     997, 1031, 1046, 1063, 1066, 1067, 1072, 1106, 1128, 1176, 1202, 1206,
     1208, 1222, 1234, 1242, 1243, 1264, 1270, 1277, 1285, 1334, 1343, 1356,
     1366, 1389, 1411, 1414, 1448, 1454, 1461, 1462, 1467, 1474, 1539, 1552,
     1595, 1606, 1618, 1661, 1663, 1686, 1689, 1699, 1708, 1740, 1743, 1751,
     1769, 1777, 1781, 1785, 1804, 1806, 1827, 1849, 1850, 1863
[22] 867, 875, 893, 915, 935, 988, 998, 1026, 1062, 1099, 1107, 1136, 1149,
     1165, 1212, 1235, 1268, 1286, 1289, 1321, 1370, 1381, 1393, 1405, 1453,
     1470, 1514, 1525, 1537, 1545, 1550, 1572, 1633, 1644, 1655, 1662, 1665,
     1676, 1760, 1763, 1782, 1822
[23] 868, 870, 903, 923, 928, 957, 1061, 1082, 1100, 1148, 1177, 1193, 1275,
     1280, 1294, 1324, 1332, 1339, 1384, 1412, 1427, 1452, 1492, 1507, 1526,
     1558, 1586, 1605, 1690, 1704, 1741, 1744, 1755, 1759, 1793, 1836, 1848,
     1851
[24] 876, 920, 995, 1008, 1010, 1075, 1159, 1213, 1215, 1329, 1745
[25] 896, 904, 1029, 1059, 1116, 1124, 1173, 1195, 1303, 1317, 1333, 1403,
     1413, 1437, 1524, 1556, 1688, 1771, 1786, 1788, 1857, 1866
[26] 921, 944, 981, 1018, 1022, 1101, 1139, 1179, 1363, 1458, 1505, 1520,
     1564, 1845, 1852
[27] 955, 1103, 1410, 1464, 1493, 1599, 1613, 1623, 1641, 1683, 2610, 2611,
     2614, 2616, 2617, 2620, 2621, 2623, 2624, 2626, 2627, 2631, 2633, 2634,
     2635, 2636, 2637, 2639, 2641, 2642, 2645, 2646, 2649, 2650, 2651, 2653,
     2656, 2657, 2658, 2660, 2661, 2662, 2663, 2664, 2665, 2667, 2668, 2669,
     2670, 2671, 2672, 2673, 2674, 2676, 2677, 2679, 2682, 2683, 2684, 2685,
     2686, 2688, 2689, 2691, 2693, 2696, 2697, 2700, 2701, 2702, 2707, 2709,
     2711, 2713, 2714, 2717, 2719, 2720, 2721, 2724, 2727, 2728, 2729, 2730,
     2732, 2733, 2734, 2736, 2739, 2740, 2742, 2744, 2745, 2746, 2750, 2751,
     2752, 2753, 2757, 2760, 2761, 2762, 2763, 2765, 2767, 2768, 2769, 2771,
     2772, 2773, 2774, 2775, 2777, 2778, 2779, 2780, 2781, 2782, 2785, 2789,
     2790, 2791, 2792, 2793, 2794, 2795, 2796, 2797, 2801, 2803, 2804, 2806,
     2807, 2808, 2811, 2813, 2816, 2817, 2818, 2819, 2823, 2824, 2826, 2829,
     2830, 2831, 2840, 2841, 2842, 2843, 2846, 2848, 2849, 2851, 2852, 2862,
     2866, 2869, 2871, 2874, 2880, 2882, 2884, 2885, 2886, 2887, 2889, 2890,
     2895, 2898, 2899, 2902, 2903, 2905, 2906, 2910, 2912, 2913, 2916, 2918,
     2919, 2921, 2923, 2924, 2927, 2928, 2932, 2937, 2938, 2939, 2940, 2943,
     2944, 2946, 2947, 2949, 2950, 2953, 2954, 2955, 2957, 2959, 2961, 2963,
     2964, 2965, 2966, 2967, 2968, 2969, 2972, 2975, 2979, 2981, 2982, 2985,
     2986, 2988, 2990, 2993, 2995, 2996, 2997, 2998, 3004, 3005, 3007, 3008,
     3009, 3014, 3015, 3016, 3017, 3018, 3021, 3022, 3023, 3025, 3027, 3028,
     3032, 3033, 3034, 3035, 3037, 3039, 3040, 3043, 3045, 3046, 3047, 3048,
     3049, 3052, 3053, 3055, 3056, 3057, 3058, 3059, 3061, 3062, 3064, 3066,
     3067, 3070, 3071, 3078, 3079, 3080, 3082, 3084, 3086, 3090, 3091, 3092,
     3094, 3096, 3097, 3098, 3100, 3102, 3103, 3105, 3106, 3107, 3108, 3110,
     3111, 3113, 3114, 3115, 3116, 3117, 3118, 3119, 3121, 3122, 3123, 3124,
     3125, 3128, 3130, 3131, 3132, 3133, 3134, 3135, 3136, 3137, 3139, 3141,
     3142, 3143, 3144, 3146, 3148, 3149, 3150, 3151, 3152, 3153, 3154, 3155,
     3156, 3157, 3159, 3160, 3162, 3164, 3166, 3167, 3168, 3169, 3170, 3177,
     3179, 3180, 3183, 3184, 3185, 3186, 3188, 3189, 3190, 3191, 3192, 3193,
     3196, 3197, 3198, 3199, 3200, 3202, 3203, 3204, 3205, 3206, 3207, 3208,
     3209, 3210, 3211, 3212, 3214, 3216, 3217, 3218, 3219, 3220, 3221, 3222,
     3223, 3224, 3225, 3226, 3229, 3231, 3232, 3233, 3235, 3236, 3239, 3240,
     3241, 3242, 3243, 3246, 3249, 3250, 3251, 3252, 3254, 3256, 3257, 3260,
     3263, 3264, 3265, 3267, 3270, 3271, 3272, 3273, 3274, 3275, 3276, 3278,
     3279, 3281, 3282, 3284, 3285, 3286, 3287, 3288, 3289, 3290, 3291, 3293,
     3294, 3295, 3296, 3297, 3299, 3300, 3301, 3302, 3303, 3304, 3305, 3309,
     3310, 3311, 3313, 3314, 3315, 3317, 3318, 3319, 3320, 3321, 3322, 3323,
     3324, 3325, 3327, 3329, 3330, 3333, 3335, 3337, 3339, 3340, 3341, 3342,
     3345, 3346, 3347, 3348, 3349, 3350, 3351, 3352, 3353, 3354, 3355, 3356,
     3359, 3360, 3362, 3363, 3364, 3365, 3366, 3368, 3369, 3371, 3373, 3375,
     3376, 3378
[28] 1011, 1156, 1543
[29] 1870, 1875, 1877, 1883, 1884, 1887, 1891, 1906, 1907, 1913, 1914, 1924,
     1928, 1929, 1932, 1936, 1947, 1951, 1954, 1955, 1956, 1957, 1960, 1962,
     1965, 1967, 1968, 1969, 1970, 1972, 1974, 1978, 1980, 1981, 1983, 2006,
     2017, 2052, 2071, 2112, 2114, 2126, 2147, 2156, 2179, 2237, 2250, 2290,
     2299, 2317, 2318, 2331, 2388, 2400, 2411, 2445, 2489, 2533, 2535, 2569,
     2575, 2576, 2582, 2585, 2588, 2589, 2594, 2596, 2597, 2606, 2607, 2608,
     2609
[30] 1871, 1878, 1886, 1889, 1890, 1892, 1893, 1905, 1916, 1921, 1931, 1934,
     1946, 1964, 1971, 1979, 1991, 1997, 2005, 2007, 2026, 2035, 2037, 2044,
     2046, 2055, 2060, 2062, 2068, 2069, 2074, 2075, 2081, 2084, 2085, 2101,
     2107, 2111, 2113, 2115, 2117, 2121, 2128, 2136, 2148, 2151, 2171, 2181,
     2182, 2185, 2190, 2192, 2202, 2205, 2214, 2217, 2230, 2239, 2266, 2267,
     2269, 2270, 2288, 2294, 2295, 2310, 2313, 2314, 2324, 2326, 2328, 2333,
     2341, 2350, 2355, 2356, 2358, 2364, 2365, 2375, 2377, 2384, 2392, 2393,
     2394, 2401, 2403, 2408, 2409, 2425, 2439, 2448, 2454, 2474, 2479, 2485,
     2491, 2499, 2509, 2513, 2520, 2527, 2530, 2537, 2563, 2567, 2570, 2577,
     2581, 2583, 2593, 2605
[31] 1873, 1874, 1881, 1885, 1894, 1898, 1899, 1902, 1909, 1918, 1919, 1922,
     1927, 1935, 1939, 1940, 1941, 1942, 1945, 1949, 1953, 1961, 1975, 1976,
     1977, 1986, 1989, 1993, 1996, 1999, 2000, 2001, 2002, 2011, 2012, 2014,
     2015, 2016, 2019, 2020, 2023, 2025, 2029, 2030, 2033, 2034, 2038, 2039,
     2041, 2043, 2045, 2047, 2048, 2050, 2053, 2058, 2059, 2063, 2064, 2067,
     2070, 2073, 2076, 2077, 2078, 2079, 2086, 2091, 2094, 2095, 2097, 2102,
     2105, 2109, 2119, 2120, 2127, 2134, 2139, 2143, 2145, 2154, 2155, 2160,
     2164, 2166, 2167, 2170, 2172, 2174, 2183, 2187, 2188, 2191, 2194, 2198,
     2207, 2211, 2212, 2215, 2216, 2220, 2224, 2228, 2229, 2231, 2240, 2241,
     2243, 2252, 2253, 2256, 2259, 2260, 2261, 2262, 2264, 2276, 2277, 2279,
     2282, 2284, 2287, 2292, 2293, 2300, 2301, 2303, 2305, 2306, 2307, 2309,
     2312, 2316, 2322, 2323, 2327, 2329, 2334, 2336, 2339, 2340, 2344, 2345,
     2346, 2348, 2357, 2360, 2361, 2362, 2363, 2367, 2371, 2376, 2380, 2381,
     2382, 2383, 2386, 2395, 2396, 2399, 2402, 2407, 2412, 2414, 2416, 2419,
     2420, 2421, 2427, 2428, 2429, 2433, 2435, 2436, 2440, 2443, 2446, 2450,
     2451, 2455, 2457, 2458, 2471, 2472, 2475, 2477, 2483, 2487, 2490, 2493,
     2494, 2496, 2497, 2500, 2501, 2502, 2503, 2504, 2505, 2507, 2510, 2511,
     2512, 2514, 2515, 2523, 2524, 2525, 2526, 2528, 2529, 2534, 2536, 2540,
     2541, 2543, 2549, 2550, 2551, 2553, 2555, 2556, 2560, 2562, 2564, 2568,
     2572, 2573, 2574, 2579, 2580, 2587, 2595, 2603, 2604
[32] 1880, 1944, 1948, 2032, 2125, 2161, 2209, 2273, 2302, 2354, 2379, 2397,
     2418, 2437, 2441, 2464, 2466, 2571, 2599
[33] 1912, 1917, 2049, 2122, 2199, 2234, 2254, 2432, 2438, 2486
[34] 1990, 2061, 2123, 2158, 2374, 2390
[35] 2434, 2478, 2545
[36] 2612, 2613, 2615, 2618, 2622, 2625, 2628, 2629, 2630, 2632, 2638, 2643,
     2644, 2647, 2654, 2655, 2659, 2666, 2675, 2678, 2680, 2687, 2690, 2692,
     2694, 2695, 2698, 2699, 2703, 2704, 2705, 2706, 2708, 2710, 2712, 2715,
     2718, 2722, 2726, 2731, 2735, 2738, 2743, 2747, 2749, 2755, 2756, 2758,
     2759, 2764, 2770, 2776, 2784, 2786, 2788, 2798, 2799, 2800, 2802, 2810,
     2812, 2814, 2815, 2820, 2821, 2822, 2825, 2828, 2832, 2835, 2836, 2838,
     2839, 2844, 2845, 2847, 2853, 2854, 2855, 2856, 2857, 2858, 2859, 2860,
     2861, 2863, 2864, 2865, 2867, 2868, 2872, 2873, 2875, 2876, 2877, 2879,
     2888, 2891, 2892, 2893, 2894, 2896, 2900, 2901, 2904, 2908, 2909, 2911,
     2914, 2915, 2917, 2922, 2925, 2926, 2929, 2933, 2934, 2935, 2936, 2941,
     2942, 2948, 2952, 2958, 2962, 2970, 2971, 2973, 2974, 2977, 2978, 2980,
     2983, 2987, 2989, 2991, 2992, 2994, 2999, 3001, 3003, 3006, 3011, 3012,
     3019, 3024, 3026, 3030, 3031, 3036, 3038, 3041, 3042, 3044, 3050, 3054,
     3060, 3063, 3065, 3069, 3075, 3076, 3081, 3083, 3085, 3088, 3089, 3095,
     3099, 3104, 3109, 3112, 3120, 3129, 3138, 3140, 3147, 3158, 3165, 3171,
     3172, 3173, 3174, 3175, 3176, 3178, 3181, 3182, 3187, 3194, 3201, 3213,
     3228, 3230, 3237, 3238, 3244, 3245, 3247, 3248, 3259, 3261, 3268, 3277,
     3283, 3292, 3306, 3307, 3308, 3328, 3331, 3332, 3334, 3336, 3338, 3343,
     3344, 3357, 3358, 3361, 3370, 3372, 3374, 3377, 3379, 3380
[37] 2619, 2648, 2652, 2716, 2783, 2827, 2837, 2907, 2920, 2930, 2956, 3227,
     3253, 3255, 3258, 3262, 3269, 3326, 3367
[38] 2640, 2741, 2984
[39] 2681, 2850, 2878, 3077, 3126, 3127, 3195, 3316
[40] 2723, 2766, 3002, 3020, 3073, 3093
[41] 2725, 2737, 2748, 2805, 2809, 3000, 3051, 3068, 3087, 3145, 3161, 3163,
     3215, 3298
[42] 2754, 2870, 2881, 2883, 2897, 2931, 2945, 2960, 2976, 3010, 3101, 3312
[43] 2834, 3013, 3029, 3072, 3074, 3266, 3280
[44] 3383, 3429, 3455, 3472, 3493, 3508, 3557, 3579, 3588, 3639, 3655, 3662,
     3735, 3779, 3783, 3858, 3865, 3884, 3893
[45] 3385, 3390, 3391, 3432, 3473, 3478, 3488, 3491, 3521, 3526, 3547, 3565,
     3602, 3619, 3622, 3666, 3683, 3708, 3742, 3747, 3748, 3750, 3796, 3827,
     3838, 3855, 3871, 3881, 3895
[46] 3386, 3397, 3412, 3414, 3424, 3440, 3447, 3450, 3463, 3468, 3495, 3529,
     3531, 3538, 3539, 3540, 3548, 3549, 3556, 3570, 3577, 3585, 3603, 3606,
     3625, 3638, 3645, 3649, 3652, 3654, 3661, 3667, 3673, 3678, 3690, 3706,
     3710, 3715, 3738, 3751, 3762, 3770, 3775, 3785, 3795, 3798, 3800, 3809,
     3840, 3854, 3868, 3908
[47] 3387, 3402, 3406, 3408, 3411, 3416, 3452, 3471, 3496, 3503, 3523, 3543,
     3571, 3575, 3608, 3665, 3676, 3689, 3698, 3764, 3848, 3869, 3874, 3877,
     3888, 3904
[48] 3389, 3415, 3480, 3483, 3509, 3536, 3569, 3597, 3664, 3677, 3681, 3755,
     3790, 3801, 3804, 3807, 3825, 3845, 3850
[49] 3400, 3401, 3405, 3410, 3425, 3428, 3435, 3436, 3441, 3448, 3449, 3451,
     3453, 3457, 3466, 3474, 3476, 3477, 3481, 3497, 3500, 3506, 3510, 3511,
     3513, 3524, 3525, 3532, 3534, 3541, 3542, 3553, 3555, 3558, 3561, 3563,
     3564, 3572, 3584, 3586, 3587, 3589, 3611, 3618, 3620, 3630, 3634, 3646,
     3650, 3653, 3657, 3658, 3663, 3691, 3695, 3700, 3701, 3704, 3705, 3707,
     3714, 3718, 3719, 3721, 3723, 3729, 3730, 3731, 3739, 3746, 3752, 3754,
     3756, 3757, 3758, 3760, 3761, 3768, 3769, 3778, 3789, 3799, 3802, 3803,
     3811, 3814, 3815, 3823, 3826, 3828, 3829, 3833, 3836, 3839, 3842, 3857,
     3860, 3864, 3878, 3879, 3883, 3887, 3890, 3901, 3905, 3907
[50] 3407, 3418, 3461, 3512, 3520, 3615, 3641, 3648, 3694, 3696, 3711, 3771,
     3772, 3788, 3812, 3832, 3843, 3851, 3889, 3897, 3906
[51] 3420, 3442, 3479, 3528, 3582, 3595, 3604, 3636, 3685, 3703, 3713, 3720,
     3728, 3745, 3808, 3820, 3834, 3853, 3866, 3892, 3896, 3899
[52] 3421, 3423, 3458, 3465, 3504, 3522, 3535, 3554, 3580, 3590, 3635, 3816,
     3831, 3852
[53] 3431, 3592, 3605, 3616
[54] 3444, 3609, 3640, 3749, 3797, 3844
[55] 3573, 3593, 3659, 3686, 3688, 3724, 3726, 3856
[56] 3911, 3912, 3913, 3914, 3915, 3916, 3917, 3918, 3919, 3920, 3921, 3922,
     3923, 3924, 3925, 3926, 3927, 3928, 3929, 3930, 3931, 3932, 3933, 3934,
     3935, 3936, 3937, 3938, 3939, 3940, 3941, 3942, 3943, 3944, 3945, 3946,
     3947, 3948, 3949, 3950, 3951, 3952, 3953, 3954, 3955, 3956, 3957, 3958,
     3959, 3960, 3961, 3962