Clustering with 3963 elements and 92 clusters
[ 0] 1365, 1641, 2610, 2611, 2614, 2616, 2617, 2621, 2623, 2624, 2631, 2633,
     2635, 2636, 2639, 2641, 2645, 2646, 2649, 2650, 2651, 2656, 2657, 2658,
     2660, 2661, 2662, 2663, 2664, 2665, 2667, 2668, 2669, 2671, 2672, 2673,
     2676, 2677, 2679, 2682, 2683, 2684, 2685, 2686, 2688, 2691, 2693, 2696,
     2697, 2700, 2701, 2702, 2707, 2711, 2714, 2717, 2719, 2720, 2721, 2724,
     2727, 2728, 2729, 2730, 2732, 2733, 2734, 2736, 2739, 2740, 2742, 2744,
     2745, 2746, 2750, 2751, 2752, 2753, 2760, 2761, 2762, 2765, 2767, 2768,
     2769, 2772, 2774, 2777, 2778, 2779, 2780, 2781, 2782, 2785, 2789, 2790,
     2791, 2792, 2793, 2794, 2795, 2796, 2797, 2801, 2803, 2804, 2806, 2807,
     2808, 2811, 2813, 2816, 2817, 2818, 2819, 2823, 2824, 2826, 2829, 2830,
     2840, 2841, 2842, 2843, 2846, 2848, 2849, 2852, 2862, 2866, 2869, 2871,
     2880, 2882, 2884, 2885, 2886, 2887, 2890, 2895, 2898, 2899, 2902, 2903,
     2906, 2910, 2912, 2913, 2918, 2921, 2924, 2927, 2928, 2932, 2937, 2938,
     2939, 2940, 2943, 2944, 2946, 2949, 2950, 2953, 2954, 2955, 2957, 2959,
     2961, 2963, 2964, 2965, 2966, 2967, 2969, 2972, 2975, 2979, 2981, 2982,
     2985, 2986, 2988, 2990, 2993, 2995, 2996, 2997, 2998, 3005, 3007, 3009,
     3014, 3015, 3016, 3017, 3018, 3021, 3022, 3023, 3025, 3028, 3032, 3033,
     3034, 3035, 3039, 3040, 3043, 3045, 3046, 3047, 3048, 3049, 3052, 3053,
     3055, 3056, 3057, 3058, 3059, 3061, 3062, 3064, 3066, 3070, 3071, 3078,
     3079, 3080, 3082, 3084, 3086, 3090, 3091, 3092, 3094, 3096, 3097, 3098,
     3100, 3102, 3103, 3105, 3106, 3108, 3113, 3114, 3115, 3116, 3117, 3118,
     3119, 3121, 3122, 3123, 3124, 3125, 3128, 3130, 3131, 3132, 3133, 3134,
     3135, 3136, 3137, 3139, 3141, 3142, 3143, 3144, 3146, 3148, 3149, 3151,
     3152, 3153, 3154, 3155, 3156, 3157, 3159, 3160, 3162, 3164, 3166, 3168,
     3169, 3170, 3177, 3179, 3180, 3183, 3184, 3185, 3186, 3188, 3190, 3191,
     3192, 3193, 3196, 3197, 3198, 3199, 3200, 3202, 3203, 3204, 3205, 3206,
     3208, 3209, 3211, 3214, 3216, 3217, 3218, 3219, 3220, 3221, 3223, 3224,
     3225, 3226, 3229, 3231, 3232, 3233, 3235, 3236, 3239, 3240, 3241, 3242,
     3243, 3246, 3249, 3250, 3251, 3256, 3257, 3260, 3263, 3264, 3265, 3267,
     3270, 3271, 3272, 3273, 3274, 3275, 3276, 3278, 3279, 3281, 3284, 3285,
     3286, 3287, 3288, 3289, 3290, 3291, 3293, 3294, 3295, 3296, 3297, 3299,
     3300, 3301, 3302, 3303, 3304, 3309, 3310, 3311, 3313, 3314, 3315, 3317,
     3318, 3321, 3322, 3323, 3324, 3325, 3327, 3329, 3330, 3333, 3335, 3337,
     3339, 3340, 3341, 3347, 3348, 3350, 3352, 3353, 3354, 3355, 3356, 3359,
     3360, 3362, 3363, 3364, 3365, 3366, 3368, 3373, 3375, 3378
[ 1] 864, 873, 874, 882, 886, 890, 891, 892, 897, 899, 911, 912, 917, 918,
     924, 925, 931, 932, 937, 943, 945, 947, 948, 958, 960, 962, 964, 968,
     969, 971, 982, 989, 991, 993, 994, 1004, 1005, 1012, 1013, 1014, 1019,
     1021, 1024, 1028, 1033, 1034, 1039, 1040, 1041, 1043, 1044, 1048, 1049,
     1051, 1056, 1057, 1065, 1071, 1074, 1076, 1080, 1081, 1086, 1087, 1088,
     1089, 1091, 1093, 1095, 1098, 1108, 1111, 1113, 1115, 1118, 1122, 1125,
     1126, 1134, 1135, 1137, 1142, 1143, 1144, 1146, 1147, 1153, 1157, 1158,
     1160, 1161, 1163, 1167, 1168, 1170, 1172, 1175, 1180, 1183, 1191, 1199,
     1200, 1203, 1204, 1211, 1216, 1217, 1226, 1228, 1230, 1232, 1233, 1239,
     1241, 1246, 1248, 1249, 1250, 1251, 1252, 1254, 1263, 1266, 1273, 1284,
     1290, 1291, 1292, 1295, 1296, 1297, 1300, 1301, 1302, 1305, 1312, 1313,
     1320, 1322, 1326, 1328, 1331, 1336, 1337, 1338, 1341, 1348, 1349, 1350,
     1351, 1353, 1358, 1359, 1361, 1362, 1367, 1369, 1371, 1376, 1380, 1391,
     1397, 1399, 1407, 1409, 1416, 1417, 1418, 1420, 1423, 1426, 1429, 1430,
     1439, 1442, 1443, 1444, 1447, 1450, 1460, 1468, 1472, 1475, 1476, 1478,
     1479, 1481, 1482, 1483, 1487, 1489, 1491, 1494, 1497, 1498, 1499, 1501,
     1506, 1510, 1513, 1515, 1516, 1518, 1521, 1528, 1529, 1530, 1538, 1541,
     1546, 1547, 1554, 1555, 1557, 1560, 1561, 1562, 1565, 1566, 1567, 1569,
     1570, 1571, 1574, 1575, 1576, 1577, 1578, 1579, 1580, 1589, 1594, 1596,
     1600, 1601, 1608, 1609, 1610, 1616, 1619, 1620, 1622, 1625, 1626, 1632,
     1640, 1642, 1645, 1646, 1657, 1664, 1667, 1669, 1671, 1674, 1678, 1679,
     1680, 1681, 1687, 1691, 1692, 1693, 1694, 1698, 1703, 1707, 1709, 1710,
     1711, 1714, 1718, 1722, 1725, 1726, 1728, 1729, 1731, 1732, 1739, 1746,
     1748, 1750, 1752, 1753, 1756, 1757, 1761, 1766, 1767, 1768, 1770, 1773,
     1776, 1778, 1780, 1783, 1784, 1789, 1790, 1791, 1792, 1795, 1798, 1799,
     1801, 1802, 1805, 1807, 1817, 1820, 1823, 1824, 1830, 1833, 1835, 1842,
     1844, 1847, 1854, 1856, 1858
[ 2] 128, 1425, 1535, 1675, 1869, 1872, 1876, 1879, 1882, 1888, 1895, 1896,
     1897, 1900, 1901, 1903, 1904, 1908, 1910, 1911, 1915, 1920, 1925, 1926,
     1933, 1937, 1938, 1943, 1950, 1958, 1959, 1963, 1966, 1982, 1984, 1985,
     1987, 1988, 1992, 1994, 1995, 1998, 2003, 2004, 2008, 2009, 2010, 2013,
     2018, 2021, 2022, 2024, 2027, 2028, 2031, 2036, 2040, 2042, 2051, 2056,
     2057, 2065, 2066, 2072, 2080, 2082, 2083, 2087, 2088, 2089, 2090, 2092,
     2093, 2096, 2098, 2099, 2100, 2103, 2104, 2106, 2108, 2110, 2116, 2118,
     2124, 2129, 2130, 2131, 2132, 2135, 2137, 2138, 2140, 2141, 2142, 2144,
     2146, 2149, 2150, 2152, 2153, 2157, 2159, 2162, 2163, 2165, 2168, 2169,
     2173, 2175, 2176, 2177, 2178, 2180, 2186, 2189, 2193, 2195, 2196, 2197,
     2200, 2201, 2203, 2204, 2206, 2208, 2210, 2213, 2218, 2219, 2221, 2222,
     2223, 2225, 2226, 2227, 2232, 2233, 2235, 2236, 2238, 2242, 2244, 2245,
     2246, 2247, 2248, 2249, 2251, 2255, 2257, 2258, 2263, 2265, 2268, 2271,
     2272, 2278, 2280, 2281, 2283, 2285, 2286, 2289, 2291, 2296, 2297, 2298,
     2304, 2308, 2315, 2319, 2320, 2321, 2325, 2330, 2332, 2337, 2338, 2342,
     2343, 2347, 2349, 2351, 2352, 2353, 2359, 2366, 2368, 2369, 2370, 2372,
     2373, 2378, 2385, 2387, 2389, 2391, 2398, 2404, 2405, 2410, 2413, 2415,
     2417, 2422, 2423, 2424, 2426, 2430, 2431, 2442, 2444, 2447, 2449, 2452,
     2453, 2459, 2460, 2461, 2462, 2463, 2465, 2467, 2468, 2469, 2470, 2473,
     2476, 2480, 2481, 2482, 2484, 2488, 2494, 2495, 2498, 2506, 2508, 2517,
     2518, 2519, 2521, 2522, 2531, 2532, 2538, 2539, 2542, 2544, 2546, 2547,
     2548, 2552, 2554, 2557, 2558, 2559, 2561, 2565, 2566, 2578, 2584, 2586,
     2590, 2591, 2592, 2598, 2601, 2602
[ 3] 1873, 1874, 1881, 1885, 1894, 1898, 1899, 1902, 1909, 1918, 1919, 1922,
     1927, 1935, 1939, 1940, 1941, 1942, 1945, 1949, 1953, 1961, 1975, 1976,
     1977, 1986, 1989, 1993, 1996, 1999, 2000, 2001, 2002, 2011, 2012, 2014,
     2015, 2016, 2019, 2020, 2023, 2025, 2029, 2030, 2033, 2034, 2038, 2039,
     2041, 2043, 2045, 2047, 2048, 2050, 2053, 2058, 2059, 2063, 2064, 2067,
     2070, 2073, 2076, 2077, 2078, 2079, 2086, 2091, 2094, 2095, 2097, 2102,
     2105, 2109, 2119, 2120, 2127, 2134, 2139, 2143, 2145, 2154, 2155, 2160,
     2164, 2166, 2167, 2170, 2172, 2174, 2183, 2187, 2188, 2191, 2194, 2198,
     2207, 2211, 2212, 2215, 2216, 2220, 2224, 2228, 2229, 2231, 2240, 2241,
     2243, 2252, 2253, 2256, 2259, 2260, 2261, 2262, 2264, 2276, 2277, 2279,
     2282, 2284, 2287, 2292, 2293, 2300, 2301, 2303, 2305, 2306, 2307, 2309,
     2312, 2316, 2322, 2323, 2327, 2329, 2334, 2336, 2339, 2340, 2344, 2345,
     2346, 2348, 2357, 2360, 2361, 2362, 2363, 2367, 2371, 2376, 2380, 2381,
     2382, 2383, 2386, 2395, 2396, 2399, 2402, 2407, 2412, 2414, 2416, 2419,
     2420, 2421, 2427, 2428, 2429, 2433, 2435, 2436, 2440, 2443, 2446, 2450,
     2451, 2455, 2457, 2458, 2471, 2472, 2475, 2477, 2483, 2487, 2490, 2493,
     2496, 2497, 2500, 2501, 2502, 2503, 2504, 2505, 2507, 2510, 2511, 2512,
     2514, 2515, 2523, 2524, 2525, 2526, 2528, 2529, 2534, 2536, 2540, 2541,
     2543, 2549, 2550, 2551, 2553, 2555, 2556, 2560, 2562, 2564, 2568, 2572,
     2573, 2574, 2579, 2580, 2587, 2595, 2603, 2604
[ 4] 833, 1050, 3381, 3382, 3384, 3392, 3393, 3394, 3395, 3396, 3398, 3399,
     3403, 3404, 3409, 3413, 3417, 3419, 3422, 3426, 3427, 3430, 3433, 3434,
     3437, 3438, 3439, 3443, 3445, 3454, 3456, 3459, 3460, 3462, 3464, 3467,
     3469, 3470, 3475, 3482, 3484, 3485, 3486, 3487, 3489, 3490, 3492, 3494,
     3498, 3499, 3501, 3502, 3505, 3507, 3514, 3515, 3516, 3517, 3518, 3519,
     3527, 3530, 3533, 3537, 3544, 3545, 3546, 3550, 3551, 3552, 3559, 3560,
     3562, 3566, 3567, 3568, 3574, 3576, 3578, 3581, 3583, 3591, 3594, 3596,
     3598, 3599, 3600, 3601, 3607, 3610, 3612, 3614, 3617, 3621, 3623, 3624,
     3626, 3627, 3628, 3629, 3631, 3632, 3633, 3637, 3642, 3643, 3644, 3647,
     3651, 3656, 3660, 3668, 3669, 3670, 3672, 3674, 3675, 3679, 3682, 3687,
     3692, 3693, 3697, 3699, 3702, 3709, 3712, 3716, 3717, 3722, 3725, 3727,
     3732, 3733, 3734, 3736, 3740, 3741, 3744, 3753, 3759, 3763, 3765, 3766,
     3767, 3773, 3774, 3776, 3777, 3780, 3782, 3786, 3787, 3791, 3793, 3805,
     3806, 3810, 3813, 3817, 3819, 3821, 3822, 3824, 3830, 3835, 3841, 3846,
     3849, 3859, 3861, 3862, 3863, 3867, 3870, 3872, 3875, 3876, 3880, 3882,
     3885, 3891, 3894, 3898, 3900, 3902, 3903, 3909, 3910
[ 5] 2613, 2615, 2618, 2622, 2625, 2628, 2629, 2630, 2632, 2638, 2643, 2644,
     2647, 2654, 2655, 2666, 2678, 2680, 2687, 2690, 2692, 2694, 2695, 2698,
     2699, 2703, 2704, 2705, 2706, 2708, 2710, 2712, 2715, 2722, 2726, 2731,
     2735, 2743, 2747, 2749, 2755, 2759, 2764, 2770, 2776, 2784, 2788, 2798,
     2800, 2802, 2810, 2812, 2814, 2815, 2820, 2821, 2822, 2825, 2828, 2832,
     2835, 2838, 2839, 2844, 2845, 2853, 2854, 2855, 2856, 2857, 2858, 2859,
     2860, 2861, 2863, 2864, 2865, 2867, 2868, 2872, 2873, 2875, 2876, 2877,
     2879, 2888, 2891, 2892, 2893, 2894, 2896, 2901, 2904, 2908, 2909, 2911,
     2914, 2915, 2917, 2922, 2925, 2929, 2933, 2934, 2935, 2936, 2941, 2942,
     2948, 2952, 2962, 2970, 2971, 2973, 2974, 2977, 2980, 2983, 2987, 2989,
     2991, 2994, 2999, 3001, 3003, 3011, 3012, 3019, 3024, 3030, 3031, 3036,
     3038, 3042, 3044, 3050, 3054, 3060, 3063, 3065, 3069, 3075, 3081, 3083,
     3088, 3095, 3104, 3109, 3112, 3120, 3129, 3138, 3140, 3147, 3158, 3165,
     3171, 3172, 3173, 3176, 3178, 3181, 3182, 3187, 3194, 3201, 3228, 3230,
     3237, 3238, 3245, 3247, 3248, 3259, 3268, 3283, 3292, 3306, 3307, 3308,
     3328, 3331, 3334, 3343, 3344, 3357, 3358, 3361, 3370, 3374, 3377, 3379,
     3380
[ 6] 0, 1, 3, 5, 7, 9, 10, 11, 13, 17, 18, 21, 22, 23, 25, 26, 27, 33, 34, 35,
     39, 41, 42, 44, 45, 48, 49, 50, 53, 54, 56, 57, 59, 60, 61, 63, 66, 67,
     68, 69, 70, 72, 75, 76, 77, 78, 80, 81, 89, 91, 96, 97, 98, 99, 102, 106,
     109, 110, 111, 112, 113, 114, 115, 117, 118, 120, 121, 122, 124, 125,
     126, 133, 134, 138, 140, 145, 148, 150, 152, 153, 156, 157, 160, 161,
     162, 164, 168, 170, 175, 177, 178, 180, 182, 183, 191, 192, 195, 198,
     199, 200, 201, 202, 203, 210, 211, 212, 213, 217, 218, 220, 221, 223,
     224, 225, 226, 227, 228, 235, 236, 237, 239, 241, 246, 247, 249, 250,
     254, 257, 259, 260, 261, 263, 265, 266, 269, 272, 274, 276, 278, 279,
     281, 282, 284, 285, 288, 290, 291, 295, 298, 300, 301, 302, 303, 304,
     305, 309, 310, 311, 312, 316, 318, 319, 321, 322, 324, 325, 326, 327,
     328, 330, 331, 333
[ 7] 334, 335, 336, 338, 340, 341, 344, 345, 346, 347, 348, 350, 352, 353,
     355, 356, 357, 358, 359, 360, 361, 363, 367, 370, 372, 373, 375, 376,
     377, 379, 380, 381, 382, 383, 385, 387, 388, 389, 390, 392, 393, 394,
     395, 397, 398, 400, 401, 402, 403, 404, 405, 406, 408, 410, 411, 413,
     414, 415, 416, 417, 418, 419, 421, 423, 424, 425, 427, 429, 430, 431,
     432, 433, 434, 435, 436, 439, 440, 442, 444, 445, 446, 447, 449, 450,
     454, 455, 456, 457, 458, 459, 462, 463, 464, 465, 466, 471, 472, 473,
     474, 475, 476, 477, 478, 479, 480, 481, 484, 486, 487, 488, 490, 491,
     492, 494, 495, 496, 497, 498, 499, 501, 503, 504, 505, 506, 507, 508,
     509, 510, 511, 512, 513, 514, 515, 517, 518, 519, 520, 521, 522, 523,
     524, 525, 526, 527, 528, 529, 530, 531, 532, 536, 538, 539, 540, 541,
     542, 543, 544, 545, 546, 548, 549, 550, 551, 552, 553, 554, 568, 569,
     573, 575, 585, 589, 592, 611, 621, 622, 628, 644, 646, 648, 650, 657
[ 8] 863, 865, 869, 883, 884, 898, 906, 907, 910, 919, 922, 934, 936, 940,
     946, 949, 953, 954, 972, 974, 979, 980, 983, 984, 985, 986, 997, 1001,
     1009, 1025, 1031, 1032, 1046, 1047, 1063, 1064, 1066, 1067, 1068, 1072,
     1079, 1083, 1092, 1106, 1110, 1120, 1128, 1152, 1154, 1166, 1176, 1182,
     1188, 1190, 1192, 1196, 1202, 1206, 1218, 1222, 1234, 1238, 1240, 1242,
     1243, 1245, 1247, 1253, 1259, 1264, 1270, 1276, 1277, 1283, 1285, 1306,
     1308, 1311, 1334, 1340, 1342, 1343, 1352, 1356, 1364, 1366, 1373, 1374,
     1377, 1383, 1386, 1389, 1392, 1398, 1408, 1411, 1414, 1419, 1422, 1434,
     1438, 1448, 1454, 1461, 1462, 1467, 1474, 1509, 1531, 1534, 1536, 1539,
     1540, 1544, 1548, 1549, 1552, 1553, 1568, 1585, 1592, 1593, 1595, 1604,
     1606, 1612, 1618, 1637, 1639, 1648, 1661, 1663, 1672, 1673, 1677, 1685,
     1686, 1689, 1699, 1708, 1721, 1740, 1743, 1751, 1769, 1777, 1781, 1785,
     1797, 1804, 1806, 1813, 1815, 1818, 1827, 1828, 1829, 1831, 1840, 1843,
     1849, 1850, 1855, 1859, 1863
[ 9] 660, 661, 662, 664, 666, 667, 668, 669, 670, 673, 674, 676, 677, 678,
     679, 681, 682, 683, 684, 686, 688, 689, 691, 692, 693, 694, 695, 696,
     697, 699, 700, 701, 703, 704, 707, 708, 710, 711, 712, 713, 714, 717,
     718, 720, 721, 723, 724, 725, 726, 727, 728, 729, 731, 732, 733, 734,
     735, 736, 737, 738, 739, 742, 743, 745, 746, 747, 750, 751, 752, 753,
     754, 756, 757, 758, 760, 763, 765, 766, 767, 768, 770, 772, 773, 775,
     777, 779, 780, 781, 782, 783, 784, 785, 786, 787, 789, 791, 792, 793,
     795, 796, 798, 799, 800, 801, 802, 803, 804, 806, 807, 808, 809, 810,
     812, 813, 814, 815, 816, 817, 818, 819, 820, 821, 823, 825, 826, 828,
     840, 850, 859
[10] 3387, 3400, 3401, 3402, 3405, 3406, 3408, 3410, 3411, 3416, 3425, 3428,
     3431, 3435, 3436, 3441, 3448, 3449, 3451, 3452, 3453, 3457, 3466, 3471,
     3474, 3476, 3477, 3481, 3496, 3497, 3500, 3503, 3506, 3510, 3511, 3513,
     3523, 3524, 3525, 3532, 3534, 3541, 3542, 3543, 3553, 3555, 3558, 3561,
     3563, 3564, 3571, 3572, 3575, 3584, 3586, 3587, 3589, 3592, 3605, 3608,
     3611, 3616, 3618, 3620, 3630, 3646, 3650, 3653, 3657, 3658, 3663, 3665,
     3676, 3689, 3691, 3695, 3698, 3700, 3701, 3704, 3705, 3707, 3714, 3718,
     3719, 3721, 3723, 3729, 3730, 3731, 3739, 3746, 3754, 3756, 3757, 3758,
     3760, 3761, 3764, 3768, 3769, 3778, 3789, 3792, 3799, 3802, 3803, 3811,
     3814, 3815, 3823, 3826, 3828, 3829, 3833, 3836, 3839, 3842, 3847, 3848,
     3857, 3860, 3864, 3869, 3873, 3874, 3877, 3878, 3879, 3883, 3887, 3888,
     3890, 3901, 3904, 3905, 3907
[11] 879, 880, 889, 902, 905, 908, 909, 914, 929, 930, 933, 939, 942, 950,
     951, 959, 965, 970, 975, 976, 1000, 1002, 1006, 1007, 1016, 1017, 1027,
     1035, 1037, 1054, 1055, 1058, 1070, 1073, 1084, 1090, 1094, 1097, 1102,
     1104, 1109, 1114, 1121, 1129, 1130, 1131, 1132, 1145, 1150, 1151, 1174,
     1178, 1186, 1187, 1189, 1197, 1205, 1207, 1208, 1209, 1210, 1219, 1220,
     1221, 1225, 1236, 1257, 1260, 1265, 1267, 1269, 1271, 1272, 1299, 1304,
     1309, 1315, 1316, 1323, 1325, 1327, 1372, 1375, 1378, 1388, 1395, 1396,
     1404, 1428, 1431, 1432, 1433, 1440, 1441, 1451, 1455, 1459, 1463, 1466,
     1469, 1484, 1488, 1495, 1500, 1527, 1533, 1581, 1587, 1590, 1591, 1597,
     1603, 1607, 1615, 1624, 1629, 1638, 1643, 1656, 1660, 1666, 1682, 1684,
     1695, 1696, 1702, 1705, 1706, 1713, 1716, 1727, 1738, 1742, 1764, 1772,
     1775, 1787, 1796, 1811, 1825, 1832, 1841, 1853, 1860, 1862
[12] 1868, 1871, 1878, 1886, 1889, 1890, 1892, 1893, 1905, 1916, 1921, 1923,
     1931, 1934, 1946, 1964, 1971, 1979, 1991, 2005, 2007, 2026, 2035, 2037,
     2044, 2046, 2054, 2055, 2060, 2062, 2068, 2069, 2074, 2075, 2081, 2084,
     2085, 2101, 2107, 2111, 2113, 2115, 2117, 2121, 2128, 2136, 2148, 2151,
     2171, 2181, 2182, 2184, 2185, 2190, 2192, 2202, 2205, 2214, 2217, 2230,
     2239, 2266, 2267, 2269, 2270, 2275, 2288, 2294, 2295, 2310, 2311, 2313,
     2314, 2324, 2326, 2328, 2333, 2335, 2341, 2350, 2355, 2356, 2358, 2364,
     2365, 2375, 2377, 2384, 2392, 2393, 2394, 2401, 2403, 2408, 2409, 2425,
     2439, 2448, 2454, 2474, 2479, 2485, 2491, 2492, 2499, 2509, 2513, 2520,
     2527, 2530, 2537, 2563, 2567, 2570, 2577, 2581, 2593, 2605
[13] 339, 351, 467, 468, 563, 583, 587, 606, 614, 617, 627, 872, 881, 895,
     901, 913, 927, 941, 966, 977, 990, 1045, 1060, 1077, 1078, 1085, 1105,
     1117, 1141, 1171, 1184, 1198, 1224, 1255, 1261, 1274, 1279, 1281, 1293,
     1310, 1318, 1319, 1335, 1357, 1360, 1368, 1382, 1385, 1387, 1406, 1415,
     1424, 1446, 1449, 1465, 1471, 1473, 1485, 1502, 1504, 1508, 1523, 1532,
     1559, 1563, 1573, 1582, 1588, 1602, 1611, 1617, 1630, 1634, 1636, 1649,
     1651, 1652, 1697, 1701, 1719, 1720, 1723, 1724, 1730, 1735, 1747, 1758,
     1800, 1809, 1826, 1834, 1837, 1838
[14] 1870, 1875, 1877, 1883, 1884, 1887, 1891, 1906, 1907, 1913, 1914, 1924,
     1928, 1929, 1932, 1936, 1947, 1951, 1954, 1955, 1956, 1957, 1960, 1962,
     1965, 1967, 1968, 1969, 1970, 1972, 1974, 1978, 1980, 1981, 1983, 2006,
     2017, 2052, 2071, 2112, 2114, 2126, 2147, 2156, 2179, 2237, 2250, 2290,
     2299, 2317, 2318, 2331, 2388, 2400, 2411, 2445, 2489, 2533, 2535, 2569,
     2575, 2576, 2582, 2585, 2588, 2589, 2594, 2596, 2597, 2606, 2607, 2608,
     2609
[15] 3386, 3397, 3412, 3414, 3424, 3440, 3447, 3450, 3463, 3468, 3495, 3529,
     3531, 3538, 3539, 3540, 3548, 3549, 3556, 3570, 3577, 3585, 3603, 3606,
     3625, 3638, 3645, 3649, 3652, 3654, 3661, 3667, 3673, 3678, 3690, 3706,
     3710, 3715, 3738, 3751, 3762, 3770, 3775, 3785, 3795, 3798, 3800, 3809,
     3840, 3854, 3868, 3908
[16] 399, 407, 556, 557, 558, 562, 564, 567, 570, 571, 572, 574, 578, 579,
     580, 584, 586, 588, 590, 591, 594, 595, 596, 597, 598, 599, 600, 601,
     602, 603, 607, 608, 610, 613, 615, 618, 620, 624, 629, 630, 631, 632,
     633, 636, 639, 640, 642, 647, 651, 652, 653, 654, 656, 658, 659
[17] 576, 643, 3911, 3912, 3913, 3914, 3915, 3916, 3917, 3918, 3919, 3921,
     3922, 3923, 3924, 3925, 3926, 3927, 3928, 3929, 3930, 3931, 3932, 3933,
     3934, 3935, 3936, 3938, 3939, 3940, 3941, 3942, 3944, 3945, 3946, 3947,
     3948, 3949, 3951, 3952, 3953, 3954, 3955, 3956, 3957, 3958, 3959, 3960,
     3961, 3962
[18] 867, 875, 893, 915, 916, 935, 988, 998, 1026, 1038, 1062, 1099, 1107,
     1136, 1149, 1165, 1212, 1235, 1268, 1286, 1289, 1321, 1370, 1381, 1393,
     1405, 1453, 1470, 1512, 1514, 1525, 1537, 1545, 1550, 1572, 1633, 1644,
     1655, 1662, 1665, 1676, 1760, 1763, 1782, 1803, 1822, 1864
[19] 868, 870, 903, 923, 928, 957, 1061, 1082, 1100, 1148, 1177, 1193, 1275,
     1280, 1294, 1324, 1332, 1339, 1384, 1412, 1427, 1452, 1492, 1507, 1526,
     1558, 1586, 1605, 1690, 1704, 1741, 1744, 1755, 1759, 1793, 1836, 1848,
     1851
[20] 100, 900, 952, 963, 978, 987, 996, 1030, 1138, 1181, 1194, 1201, 1223,
     1231, 1237, 1307, 1314, 1354, 1355, 1390, 1457, 1496, 1647, 1650, 1668,
     1670, 1712, 1717, 1734, 1754, 1810, 1812
[21] 2, 12, 14, 15, 16, 24, 28, 36, 38, 86, 104, 105, 107, 108, 129, 130, 132,
     136, 141, 143, 154, 159, 166, 204, 205, 209, 215, 232, 251, 268, 277,
     280, 292, 297, 299, 313, 320, 323, 329
[22] 955, 973, 1023, 1103, 1410, 1435, 1464, 1486, 1493, 1511, 1599, 1613,
     1623, 1627, 1631, 1635, 1683, 1715, 2626, 2627, 2637, 2642, 2674, 2709,
     2713, 2771, 2775, 2831, 2851, 2889, 2916, 2919, 3004, 3107, 3110, 3111,
     3150, 3167, 3189, 3207, 3222, 3305, 3319, 3376
[23] 887, 888, 894, 926, 938, 956, 999, 1003, 1042, 1052, 1053, 1112, 1119,
     1123, 1127, 1140, 1155, 1244, 1262, 1278, 1282, 1288, 1298, 1330, 1344,
     1379, 1400, 1421, 1477, 1480, 1519, 1551, 1583, 1598, 1654, 1658, 1659,
     1737, 1762, 1774, 1794, 1808, 1814, 1819, 1821, 1839, 1865, 1867
[24] 559, 560, 561, 565, 566, 577, 581, 582, 593, 604, 605, 609, 612, 616,
     619, 623, 626, 634, 635, 637, 638, 641, 645, 649, 655
[25] 663, 665, 672, 675, 680, 685, 687, 698, 705, 706, 709, 715, 716, 719,
     740, 741, 744, 755, 759, 761, 762, 764, 769, 774, 778, 788, 790, 794,
     805, 811, 822
[26] 20, 47, 51, 73, 85, 87, 94, 172, 179, 186, 188, 196, 231, 238, 243, 255,
     286, 287, 289, 317, 332
[27] 3385, 3390, 3391, 3432, 3473, 3478, 3488, 3491, 3521, 3526, 3547, 3565,
     3602, 3619, 3622, 3666, 3683, 3708, 3742, 3747, 3748, 3750, 3796, 3827,
     3838, 3855, 3871, 3881, 3895
[28] 671, 749, 797, 829, 830, 831, 835, 836, 837, 838, 839, 841, 842, 843,
     844, 845, 847, 849, 851, 853, 854, 856, 860, 861, 862
[29] 3407, 3418, 3461, 3512, 3520, 3615, 3641, 3648, 3694, 3696, 3711, 3771,
     3772, 3788, 3812, 3832, 3843, 3851, 3889, 3897, 3906
[30] 3420, 3442, 3479, 3528, 3582, 3595, 3604, 3636, 3685, 3703, 3713, 3720,
     3728, 3745, 3808, 3820, 3834, 3853, 3866, 3892, 3896, 3899
[31] 2612, 2659, 2675, 2718, 2738, 2756, 2758, 2786, 2799, 2836, 2847, 2900,
     2926, 2958, 2978, 2992, 3006, 3026, 3041, 3076, 3085, 3089, 3099, 3174,
     3175, 3213, 3244, 3261, 3277, 3332, 3336, 3338, 3372
[32] 896, 904, 1029, 1059, 1116, 1124, 1173, 1195, 1256, 1303, 1317, 1333,
     1346, 1403, 1413, 1437, 1456, 1490, 1524, 1556, 1628, 1653, 1688, 1700,
     1771, 1786, 1788, 1857, 1866
[33] 3389, 3415, 3480, 3483, 3509, 3536, 3569, 3597, 3664, 3677, 3681, 3755,
     3790, 3801, 3804, 3807, 3825, 3845, 3850
[34] 2619, 2648, 2652, 2716, 2783, 2827, 2837, 2907, 2920, 2930, 2956, 3227,
     3253, 3255, 3258, 3262, 3269, 3326, 3367
[35] 2754, 2834, 2870, 2881, 2883, 2897, 2931, 2945, 2947, 2960, 2968, 2976,
     3010, 3013, 3029, 3072, 3074, 3101, 3254, 3266, 3280, 3312
[36] 343, 354, 365, 366, 374, 409, 420, 441, 443, 453, 461, 469, 470, 489,
     493, 500, 502, 534, 537
[37] 31, 40, 62, 79, 92, 95, 123, 135, 167, 169, 214, 216, 252, 267, 283, 308
[38] 1880, 1944, 1948, 2032, 2125, 2161, 2209, 2273, 2302, 2354, 2379, 2397,
     2418, 2437, 2441, 2464, 2466, 2571, 2599
[39] 3421, 3423, 3458, 3465, 3504, 3522, 3535, 3554, 3580, 3590, 3635, 3816,
     3831, 3852
[40] 32, 101, 119, 127, 131, 151, 176, 189, 240, 270, 273, 296, 307
[41] 2725, 2737, 2748, 2805, 2809, 2923, 3000, 3051, 3068, 3087, 3145, 3161,
     3163, 3215, 3298
[42] 921, 944, 981, 1018, 1022, 1101, 1139, 1179, 1363, 1458, 1505, 1520,
     1564, 1621, 1845, 1852
[43] 3383, 3455, 3557, 3579, 3588, 3639, 3655, 3735, 3779, 3783, 3865, 3884
[44] 4, 71, 144, 173, 187, 207, 262, 264, 293, 315
[45] 702, 776, 832, 834, 846, 848, 852, 855, 857, 858
[46] 52, 163, 871, 1133, 1185, 1258, 1347, 1445, 2653, 2689, 2763, 2787, 2833,
     2951, 3234
[47] 876, 920, 995, 1008, 1010, 1075, 1159, 1213, 1215, 1329, 1345, 1745
[48] 190, 337, 349, 378, 384, 426, 438, 460, 485, 547
[49] 342, 364, 371, 386, 391, 396, 422, 428, 437, 451, 452, 482, 483, 516, 555
[50] 1015, 1020, 1227, 1394, 1401, 1503, 1522, 1542, 1736, 1779, 1861
[51] 1952, 1973, 1990, 1997, 2061, 2123, 2133, 2158, 2274, 2374, 2390, 2516,
     2583
[52] 8, 84, 103, 185, 193, 234, 248, 253
[53] 1912, 1917, 2049, 2122, 2199, 2234, 2254, 2432, 2438, 2486
[54] 2681, 2850, 2878, 3077, 3126, 3127, 3195, 3316
[55] 6, 82, 88, 139, 146, 208, 306, 314
[56] 3429, 3446, 3472, 3493, 3508, 3613, 3662, 3858, 3893
[57] 3573, 3593, 3659, 3686, 3688, 3724, 3726, 3743, 3856
[58] 2634, 2905, 3008, 3027, 3210, 3252, 3342, 3349
[59] 30, 158, 165, 194, 369, 412, 448, 533, 535, 625
[60] 3388, 3671, 3680, 3784, 3794, 3837, 3886
[61] 19, 55, 116, 147, 149, 229, 256
[62] 2874, 3282, 3320, 3345, 3346, 3369, 3371
[63] 58, 93, 142, 155, 181, 206
[64] 3444, 3609, 3640, 3749, 3797, 3844
[65] 2723, 2766, 3002, 3020, 3073, 3093
[66] 64, 65, 90, 174, 219, 242, 294
[67] 3920, 3937, 3943, 3950
[68] 43, 46, 184, 197, 230, 244
[69] 967, 992, 1069, 1169, 1584, 1846
[70] 877, 878, 1614, 1733, 1765
[71] 1036, 1162, 1164, 1214, 1229, 1287
[72] 885, 961, 1436, 1517, 1749, 1816
[73] 690, 771, 824, 827
[74] 2620, 2670, 2773, 3037
[75] 1930, 2406, 2456, 2600
[76] 74, 258, 275
[77] 2640, 2741, 2984
[78] 83, 137, 171
[79] 1011, 1156, 1543
[80] 2434, 2478, 2545
[81] 722, 730, 748
[82] 866, 1096, 1402
[83] 29, 37
[84] 222, 245
[85] 233, 271
[86] 3634, 3752
[87] 3684, 3781
[88] 3737, 3818
[89] 2757, 3067
[90] 3212, 3351
[91] 362, 368