1,3381
27,3385, 3417, 3424, 3447, 3472, 3479, 3483, 3485, 3493, 3533, 3540, 3563, 3566, 3579, 3590, 3677, 3698, 3721, 3734, 3765, 3776, 3781, 3797, 3815, 3836, 3838, 3867
23,3480, 3438, 3662, 3792, 3652, 3661, 3751, 3612, 3660, 3494, 3635, 3421, 3845, 3848, 3839, 3463, 3617, 3816, 3437, 3591, 3674, 3870, 3729
23,3766, 3738, 3854, 3468, 3603, 3577, 3645, 3740, 3465, 3522, 3580, 3681, 3907, 3500, 3559, 3777, 3900, 3614, 3419, 3894, 3550, 3669, 3806
25,3786, 3398, 3440, 3570, 3501, 3386, 3495, 3649, 3690, 3646, 3653, 3773, 3484, 3519, 3554, 3850, 3768, 3877, 3405, 3810, 3903, 3574, 3623, 3679, 3668
29,3898, 3384, 3545, 3715, 3412, 3556, 3851, 3795, 3532, 3433, 3736, 3439, 3504, 3904, 3410, 3608, 3764, 3883, 3875, 3880, 3515, 3717, 3426, 3624, 3643, 3817, 3822, 3475, 3505
23,3456, 3537, 3741, 3552, 3598, 3406, 3542, 3686, 3772, 3430, 3527, 3387, 3411, 3811, 3400, 3731, 3693, 3632, 3805, 833, 3607, 3594, 3487
12,3460, 3849, 3576, 3586, 3856, 3553, 3642, 3647, 3620, 3847, 3496, 3459
13,3767, 3610, 3719, 3510, 3564, 3701, 3863, 3630, 3778, 3803, 3448, 3705, 3518
10,3754, 3814, 3506, 3704, 3756, 3584, 3497, 3589, 3746, 3633
5,3525, 3534, 3739, 3657, 3650
3,3435, 3511, 3857
2,3730, 3587
0,
0,
0,
0,
0,
