1,1868
29,1889, 1917, 1921, 1929, 1934, 1949, 1967, 2017, 2075, 2077, 2103, 2136, 2143, 2206, 2223, 2247, 2256, 2263, 2273, 2283, 2299, 2318, 2338, 2339, 2341, 2439, 2500, 2581, 2602
76,2438, 2486, 2081, 2006, 2250, 2585, 1875, 1910, 2005, 2425, 2073, 2252, 2305, 2376, 2436, 2497, 2536, 2553, 2604, 1945, 1957, 1887, 1928, 2155, 2170, 2183, 2243, 2471, 2550, 1939, 2020, 2048, 2195, 2201, 2236, 2351, 2370, 2521, 2008, 2166, 2194, 2261, 2381, 2494, 2568, 2095, 2591, 2257, 2488, 2098, 2131, 2135, 2149, 2023, 1879, 2209, 2317, 2156, 2588, 2092, 2164, 2512, 2045, 2228, 2240, 2577, 2511, 2524, 2564, 1935, 2259, 2312, 2066, 2235, 2398, 2558
221,2151, 2408, 2388, 1936, 2126, 2489, 2533, 2280, 2088, 2185, 2086, 2253, 2363, 2382, 2416, 2440, 2443, 2501, 1902, 2293, 2525, 2541, 1922, 2038, 2127, 2154, 2340, 2458, 2505, 1873, 1899, 1961, 2029, 2079, 2134, 2215, 2455, 2198, 2260, 2307, 2334, 2514, 2560, 1977, 2059, 2191, 2580, 1940, 1989, 2167, 2336, 2451, 2034, 2139, 2160, 2284, 2421, 2502, 2587, 1874, 2050, 2207, 2300, 2371, 2412, 2419, 2472, 1942, 2012, 2025, 2063, 2094, 2120, 2510, 2540, 2556, 2015, 2174, 2309, 2452, 1924, 1947, 1974, 1978, 2597, 1870, 2187, 2287, 2329, 2435, 2457, 1898, 2262, 2276, 1941, 2070, 2231, 2446, 2555, 2109, 2327, 2483, 2490, 1986, 2033, 2039, 2064, 1897, 1999, 2001, 2014, 2016, 2528, 2102, 2282, 2399, 2428, 2367, 1927, 1996, 2301, 1885, 2281, 2372, 2449, 2226, 2296, 2422, 2546, 2087, 2176, 2297, 2462, 2538, 1675, 1901, 1963, 2090, 2124, 2410, 2093, 2153, 2268, 2331, 2028, 2304, 2277, 2348, 2543, 2229, 2361, 2477, 2574, 2067, 2515, 2579, 2495, 1994, 2097, 2105, 2142, 2246, 2493, 2503, 2041, 1425, 2186, 2249, 2200, 2116, 2138, 2232, 1535, 2389, 2447, 2539, 1876, 1888, 2272, 2289, 1995, 2099, 2108, 2144, 1993, 1987, 2599, 2608, 2112, 1891, 2147, 2179, 2030, 2322, 2323, 2362, 2091, 2172, 2083, 2182, 2523, 1881, 2245, 2573, 2220, 2386, 2595, 2019, 2383, 2504, 2218, 2278, 2042, 2065, 2423, 2442, 1872, 2056, 1911, 2177, 2255
157,2491, 2582, 2607, 1962, 2589, 2347, 2404, 2424, 2036, 2082, 2565, 2566, 2393, 2401, 2306, 1953, 2420, 2551, 2145, 2224, 2463, 2380, 2549, 2002, 2357, 1918, 2161, 2292, 1976, 2119, 1894, 2053, 2058, 2076, 2211, 2043, 2011, 2433, 2529, 2603, 2450, 2429, 2078, 2407, 1909, 2345, 2316, 2507, 2414, 2469, 1915, 1950, 1966, 2027, 2279, 2286, 2496, 2572, 2321, 2609, 2411, 1965, 2535, 2004, 2047, 2337, 1958, 1998, 2578, 2427, 2352, 2072, 2175, 2233, 2387, 2460, 1896, 1988, 2104, 2178, 2426, 2598, 1926, 2152, 2413, 2592, 1984, 2003, 2269, 2197, 2506, 2430, 2547, 1895, 1959, 2129, 2459, 1575, 2330, 2203, 1904, 1937, 2146, 2291, 2544, 128, 1882, 2221, 2258, 2417, 2461, 2150, 1907, 2024, 2010, 2018, 2196, 2360, 2562, 2484, 1943, 2487, 2242, 2542, 2057, 2089, 1919, 2346, 2157, 2238, 875, 2298, 2563, 2040, 2163, 2320, 2359, 1973, 2325, 2106, 1920, 2009, 2080, 2222, 2208, 2415, 2212, 2100, 2302, 2101, 2114, 1883, 2569, 2169, 2518, 2189, 2204
59,2267, 1955, 1980, 2498, 2601, 2308, 1869, 2366, 2480, 2559, 2391, 1982, 2437, 2396, 2140, 2481, 2344, 2557, 2237, 2594, 2532, 2586, 2552, 2453, 2248, 2251, 2013, 2225, 2364, 2467, 2133, 2343, 2349, 2332, 1776, 1792, 2509, 2118, 1985, 2285, 2244, 2193, 1954, 1983, 2052, 2400, 1884, 2266, 1298, 1550, 2241, 2107, 2141, 2319, 1991, 2314, 2561, 2466, 2265
22,2454, 2378, 2431, 2021, 2576, 2162, 1900, 2190, 2192, 1203, 2570, 1933, 1932, 2596, 2290, 2479, 1916, 2084, 2205, 1519, 1289, 2350
16,2239, 2508, 1951, 2271, 1979, 1211, 1305, 1359, 1391, 1541, 1646, 911, 2365, 1282, 2202, 2295
57,1886, 1931, 2368, 2168, 1892, 1336, 1341, 1601, 873, 1044, 1076, 1709, 1091, 1397, 1506, 1562, 1761, 1778, 1824, 1087, 1172, 1216, 1228, 1328, 1429, 1450, 1516, 1571, 1578, 1671, 1725, 1756, 1146, 1232, 1600, 1698, 1770, 1773, 1780, 945, 1114, 1153, 1291, 1430, 1693, 1784, 1805, 1041, 1513, 1086, 1350, 1416, 1739, 1795, 2270, 1814, 2358
143,2288, 2448, 1703, 1728, 1217, 1292, 1752, 1204, 1482, 1645, 1273, 1024, 1191, 1106, 1111, 1481, 917, 1302, 1115, 1252, 1301, 1118, 1819, 1479, 1714, 1746, 1640, 1065, 1081, 1095, 1475, 1622, 1750, 1089, 1135, 1546, 1596, 993, 1407, 1518, 1569, 969, 1088, 1580, 1687, 1790, 982, 1579, 1616, 968, 1019, 1181, 1183, 1768, 1799, 1322, 1420, 1554, 1619, 886, 994, 1012, 1160, 1367, 1447, 932, 1547, 1632, 1842, 1098, 1134, 1296, 1349, 1538, 1858, 1409, 1489, 1594, 1625, 882, 1071, 1199, 1338, 1468, 1529, 100, 1692, 1560, 1620, 1674, 1249, 1567, 1722, 890, 1337, 1497, 1051, 1551, 1561, 1823, 1161, 1583, 971, 1313, 1043, 1263, 1331, 1426, 1707, 958, 1013, 1108, 1660, 1664, 1351, 1528, 1555, 1565, 1239, 1330, 1856, 1175, 1250, 925, 1487, 1667, 1093, 1348, 1411, 1040, 1570, 1844, 964, 1312, 864, 1610, 931, 1144, 1380, 1767, 1789, 2593, 1715
160,1718, 1254, 1290, 1300, 1510, 1748, 1820, 1854, 897, 1766, 1791, 1004, 1147, 1817, 1456, 1163, 1801, 1678, 1757, 1192, 1835, 1521, 1074, 1167, 1557, 947, 1358, 912, 1361, 1442, 1033, 1802, 1157, 1726, 1499, 1230, 918, 1168, 1609, 1180, 1574, 1125, 1865, 1494, 1679, 1021, 1048, 1248, 1483, 960, 1057, 1233, 1444, 1642, 1251, 1376, 1753, 1297, 943, 989, 1710, 1783, 1266, 1417, 1837, 1137, 1418, 892, 1395, 1284, 1295, 1127, 1307, 1577, 1626, 468, 1867, 1501, 879, 1491, 1369, 1515, 1320, 1241, 1669, 1005, 1246, 1566, 889, 895, 934, 944, 952, 962, 977, 1000, 1002, 1017, 1049, 1066, 1080, 1084, 1092, 1101, 1110, 1116, 1128, 1145, 1201, 1222, 1264, 1271, 1277, 1321, 1362, 1385, 1496, 1520, 1540, 1598, 1611, 1657, 1697, 1721, 1760, 1840, 1863, 1864, 1680, 1443, 1498, 1847, 1523, 1379, 891, 1060, 1807, 887, 939, 1016, 1210, 1729, 1226, 1754, 929, 1170, 1421, 1278, 1478, 1460, 1762, 985, 1694, 991, 1576, 1472, 1798, 1143, 1530, 1833
77,1691, 1711, 1122, 1223, 1589, 1158, 1631, 1306, 1434, 1677, 1032, 1182, 1014, 510, 1325, 1681, 1439, 1119, 1319, 1387, 459, 1304, 1327, 521, 397, 425, 973, 933, 1413, 1603, 1476, 924, 1028, 1035, 1117, 1485, 1531, 1132, 1187, 1368, 1643, 1682, 1740, 1037, 1419, 1253, 1568, 1299, 1781, 1539, 1386, 1689, 997, 1072, 1655, 1665, 1062, 1788, 1763, 1812, 1196, 1238, 1311, 348, 1602, 1630, 1047, 1422, 1259, 872, 1365, 1495, 1219, 1388, 1713, 1629, 1063
113,1775, 1398, 1849, 863, 1068, 1663, 1672, 339, 1270, 1813, 1378, 1604, 1815, 986, 1064, 1039, 1587, 1178, 1830, 1360, 351, 467, 1424, 491, 1508, 352, 416, 419, 1229, 1440, 1590, 1764, 1267, 529, 401, 480, 513, 347, 380, 1656, 1751, 1771, 1628, 1527, 948, 1431, 1455, 1198, 1838, 1504, 959, 1308, 1428, 1007, 1484, 975, 1189, 1463, 1827, 1058, 1121, 1686, 1738, 1544, 1648, 974, 1245, 1352, 1083, 984, 1366, 1383, 1454, 949, 946, 1364, 979, 1699, 1708, 1782, 1572, 1493, 1094, 1195, 1786, 1822, 1393, 1438, 1797, 1829, 1859, 1190, 361, 402, 499, 505, 511, 1700, 1585, 1612, 1154, 1408, 1548, 2817, 1532, 549, 1357, 1441, 1772, 942, 1315, 1743, 1804
108,1850, 883, 1152, 1553, 1120, 1342, 1392, 1637, 563, 1649, 1828, 1001, 1340, 374, 1404, 522, 466, 476, 627, 1077, 1473, 578, 615, 1415, 421, 494, 334, 423, 490, 381, 377, 385, 440, 335, 1162, 1207, 900, 1695, 417, 501, 477, 358, 447, 542, 1027, 1046, 1638, 1236, 1257, 1293, 1735, 901, 966, 614, 1437, 908, 1500, 1097, 1316, 884, 1591, 1855, 865, 1045, 919, 1176, 869, 1818, 1373, 1461, 1769, 1606, 940, 1031, 1202, 1777, 954, 893, 2831, 3189, 1403, 1173, 1140, 1525, 1662, 1618, 1639, 431, 436, 507, 515, 498, 536, 383, 404, 408, 1747, 1009, 2898, 2940, 3116, 3183, 3341, 1730, 455, 1607, 1375, 1785
109,1166, 1552, 930, 1234, 1462, 870, 922, 1188, 1563, 1573, 1634, 363, 484, 497, 1218, 1534, 1073, 1466, 1078, 449, 463, 532, 389, 526, 445, 1432, 399, 569, 652, 562, 379, 418, 439, 488, 367, 438, 443, 485, 533, 537, 548, 413, 473, 394, 405, 430, 495, 508, 509, 528, 539, 550, 492, 518, 1742, 481, 544, 554, 415, 359, 424, 487, 353, 373, 546, 553, 1857, 1261, 1150, 907, 1334, 1356, 1025, 1474, 1809, 1536, 1389, 1285, 1673, 3047, 2959, 1029, 1053, 427, 474, 530, 429, 454, 503, 453, 496, 393, 3022, 3143, 2742, 3025, 3146, 2777, 3211, 3350, 2642, 2691, 3061, 3184, 3260, 3330, 411, 906, 1243
92,1343, 1332, 617, 1141, 1310, 650, 376, 540, 583, 435, 1549, 1803, 976, 1624, 1701, 541, 644, 360, 486, 543, 398, 444, 504, 596, 631, 634, 641, 571, 588, 651, 341, 527, 388, 538, 366, 457, 387, 622, 462, 1256, 657, 442, 355, 1765, 410, 1274, 1414, 1283, 990, 3335, 3018, 382, 354, 350, 2621, 2665, 2849, 2782, 3294, 2887, 2968, 3078, 2996, 3052, 3098, 3216, 3242, 2714, 3353, 3086, 3264, 3304, 2745, 2969, 3128, 3130, 3224, 3322, 3340, 2636, 2661, 3232, 3243, 3274, 3177, 3363, 2610, 1464, 2702, 3169, 936, 1592
83,1467, 1281, 344, 980, 1131, 965, 1220, 646, 478, 613, 629, 642, 582, 604, 619, 638, 658, 607, 395, 407, 420, 400, 573, 1225, 2985, 3100, 3096, 2862, 406, 502, 392, 2679, 3035, 3053, 3200, 2730, 2736, 2921, 2668, 3007, 3046, 3191, 3291, 1641, 3219, 3221, 3325, 3240, 3148, 3299, 2662, 3250, 3062, 3118, 2727, 3125, 2623, 3107, 3123, 3286, 2617, 2792, 3043, 3202, 3017, 3241, 2656, 2772, 2823, 3378, 2768, 3091, 3220, 2719, 3028, 3070, 2734, 2982, 3360, 2614, 3196, 3204, 3066
123,1595, 1171, 909, 1323, 659, 609, 581, 616, 594, 633, 602, 592, 630, 3263, 3279, 2975, 3288, 3315, 2697, 2998, 3016, 3235, 2733, 2751, 3082, 3207, 3347, 2852, 3284, 2645, 2932, 3208, 2624, 2729, 2791, 3033, 2953, 3115, 2789, 2746, 2986, 2633, 2752, 2939, 2655, 2658, 2684, 2701, 2712, 2760, 2763, 2764, 2779, 2794, 2808, 2864, 2869, 2897, 2904, 2924, 2928, 2987, 2990, 2993, 3004, 3019, 3021, 3024, 3049, 3054, 3073, 3092, 3101, 3131, 3138, 3151, 3152, 3175, 3201, 3307, 3334, 3236, 3094, 2739, 2678, 2955, 3122, 3275, 2796, 3246, 2824, 3231, 3257, 2801, 3276, 3324, 2700, 3103, 3285, 3056, 2829, 2639, 2740, 2806, 2944, 3355, 2811, 2905, 2906, 3205, 2884, 2885, 3136, 3289, 3365, 3301, 3005, 3179, 2966, 2660, 3329, 2937, 3059
111,579, 590, 3295, 2894, 3162, 2672, 2843, 3168, 2767, 3297, 2688, 3366, 2732, 3313, 3032, 3252, 2634, 2709, 3203, 3339, 3090, 3156, 2769, 2903, 3296, 2819, 3310, 2683, 3057, 3170, 2686, 3158, 2721, 3124, 3362, 2868, 2879, 2891, 2971, 2649, 2917, 3095, 2933, 3292, 3370, 2613, 2630, 2690, 2722, 2774, 3266, 2883, 3120, 3283, 3308, 2615, 2835, 2877, 3064, 2667, 2797, 955, 1683, 2726, 2810, 2828, 2893, 2964, 3044, 2867, 2876, 2922, 2942, 2820, 2856, 2766, 2664, 2724, 3259, 2999, 3003, 3133, 3300, 2848, 2629, 2822, 2845, 2875, 3104, 3176, 3181, 2929, 2973, 3379, 2677, 2950, 2895, 3144, 3349, 2696, 2807, 2965, 3271, 2912, 3084, 3327, 2720, 3186, 3356, 3157, 3267
75,574, 2918, 2790, 3160, 3185, 2949, 2778, 2707, 2880, 3134, 3197, 2967, 3239, 3014, 2840, 2735, 2788, 2618, 2925, 3268, 2632, 2654, 2759, 2888, 2825, 2861, 2859, 2980, 2970, 2994, 2814, 2892, 2915, 3060, 2643, 2706, 2934, 3328, 3013, 2703, 3306, 3344, 2914, 2983, 2647, 2962, 2977, 3036, 3165, 2694, 2705, 3119, 2832, 2860, 2936, 3182, 2704, 2945, 2815, 2838, 2857, 3171, 3209, 2743, 3361, 2692, 2863, 3217, 2818, 3270, 1613, 3166, 2685, 2673, 3323
46,3354, 2628, 2699, 3331, 2638, 3112, 2908, 3238, 3042, 3081, 3194, 3129, 3228, 2858, 3012, 2974, 2873, 2839, 2625, 2731, 2776, 2854, 3001, 3280, 2947, 2755, 3147, 3377, 2901, 2687, 2941, 2798, 2958, 2821, 3155, 2795, 3030, 3050, 3178, 3237, 3109, 2931, 2812, 2948, 2989, 3114
21,3011, 3065, 3031, 3247, 3245, 2872, 3088, 3099, 3305, 2626, 2802, 2896, 2926, 3140, 2758, 3359, 2804, 2799, 3041, 2611, 3015
8,2853, 3336, 3089, 2713, 3358, 3374, 2935, 3277
0,
0,
0,
0,
0,
