1,3381
21,3385, 3449, 3470, 3529, 3545, 3553, 3603, 3619, 3658, 3677, 3690, 3714, 3727, 3737, 3742, 3777, 3800, 3825, 3826, 3827, 3869
42,3390, 3401, 3436, 3457, 3481, 3498, 3534, 3550, 3562, 3572, 3578, 3631, 3646, 3686, 3702, 3718, 3755, 3765, 3813, 3844, 3858, 3910, 3488, 3602, 3537, 3621, 3894, 3487, 3613, 3476, 3478, 3521, 3400, 3597, 3809, 3484, 3623, 3675, 3841, 3495, 3760, 3689
65,3384, 3403, 3411, 3437, 3515, 3535, 3539, 3575, 3579, 3608, 3647, 3656, 3659, 3670, 3704, 3726, 3733, 3798, 3799, 3816, 3856, 3902, 3552, 3581, 3460, 3558, 3786, 3822, 3531, 3391, 3526, 3480, 3738, 3695, 3859, 3546, 3463, 3643, 3734, 3807, 3565, 3618, 3823, 3705, 3719, 3518, 3396, 3502, 3880, 3475, 3590, 3635, 3533, 3491, 3583, 3612, 3763, 3574, 3624, 3441, 3622, 3456, 3806, 3540, 3506
92,3399, 3410, 3417, 3454, 3461, 3485, 3504, 3524, 3538, 3547, 3591, 3629, 3696, 3751, 3789, 3830, 3833, 3851, 3866, 3883, 3780, 3846, 3406, 3509, 3474, 3870, 3427, 3854, 3717, 3564, 3716, 3443, 3419, 3793, 3576, 3429, 3567, 3805, 3432, 3699, 3740, 3505, 3632, 3810, 3692, 3472, 3746, 3483, 3627, 3638, 3645, 3877, 3523, 3676, 3860, 3559, 3423, 3735, 3669, 3568, 3743, 3386, 3586, 3730, 3898, 3549, 3606, 3577, 3863, 3430, 3501, 3773, 3759, 3673, 3433, 3514, 3415, 3681, 3500, 3425, 3527, 3679, 3782, 3787, 3835, 3434, 3489, 3607, 3611, 3748, 3398, 3570
90,3397, 3450, 3510, 3511, 3516, 3530, 3585, 3599, 3653, 3683, 3754, 3758, 3795, 3849, 3850, 3862, 3903, 3668, 3908, 3589, 3468, 3817, 3610, 3667, 3555, 3508, 3628, 829, 3650, 3459, 3517, 3594, 3473, 3393, 3776, 3766, 3764, 3649, 3542, 3876, 3900, 3392, 3452, 3499, 3791, 3630, 3768, 3448, 3693, 3661, 3710, 3412, 3881, 3761, 3467, 3794, 3697, 3831, 3404, 3469, 3492, 3633, 3466, 3554, 3819, 3660, 3771, 3428, 3889, 3731, 3829, 3663, 3536, 3569, 3440, 3551, 3796, 3513, 3691, 3557, 3678, 3873, 3561, 3901, 3617, 3824, 3637, 3482, 3706, 3438
61,3394, 3725, 3439, 3828, 3453, 3729, 3803, 3797, 3626, 3875, 3614, 3736, 3605, 3387, 3503, 3522, 3571, 3593, 3688, 3642, 3672, 3767, 3544, 3652, 3739, 3426, 3413, 3770, 3458, 3451, 3525, 3657, 3548, 3685, 3402, 3687, 3774, 3446, 3848, 3728, 3723, 3414, 3422, 839, 3395, 3497, 3839, 3566, 3596, 3382, 3665, 3882, 3896, 3641, 3694, 3435, 3857, 3615, 3845, 3779, 1050
40,833, 3421, 3762, 3541, 3701, 3573, 3465, 3775, 3785, 3801, 3838, 3712, 3872, 3512, 3757, 3711, 3582, 3604, 3532, 3879, 3471, 3753, 3493, 3625, 3405, 3868, 3464, 3519, 3790, 3620, 3804, 3543, 3756, 3462, 3556, 3836, 3416, 3447, 3897, 1550
30,3852, 3563, 3407, 3892, 3445, 3651, 3598, 3867, 3389, 3664, 3408, 3698, 3654, 3707, 3424, 3587, 3420, 3905, 3595, 3906, 3842, 836, 3802, 3887, 3814, 3442, 100, 1010, 1193, 1545
72,3907, 3834, 3636, 3584, 3674, 3477, 3709, 3700, 3885, 3496, 3722, 3832, 3821, 3715, 3745, 3418, 1381, 1782, 3893, 1107, 3713, 671, 351, 614, 883, 892, 920, 929, 973, 976, 979, 1072, 1098, 1103, 1141, 1150, 1189, 1199, 1208, 1209, 1264, 1286, 1324, 1325, 1334, 1355, 1511, 1522, 1524, 1556, 1566, 1567, 1591, 1600, 1610, 1619, 1654, 1672, 1683, 1711, 1716, 1746, 1750, 1791, 1818, 1829, 1840, 1848, 1298, 1633, 1644, 1763
169,3494, 3520, 3721, 3772, 1477, 3528, 3864, 3899, 413, 522, 587, 887, 888, 914, 915, 916, 941, 952, 960, 1033, 1052, 1057, 1092, 1096, 1102, 1119, 1138, 1172, 1195, 1238, 1310, 1359, 1363, 1401, 1464, 1468, 1487, 1500, 1501, 1512, 1519, 1539, 1551, 1626, 1645, 1690, 1732, 1738, 1739, 1751, 1752, 1789, 1795, 1268, 1514, 1525, 1127, 1289, 893, 745, 773, 802, 860, 861, 653, 1032, 1432, 1446, 1536, 1677, 497, 930, 1484, 1663, 1686, 1087, 1560, 864, 1221, 1243, 1474, 1618, 1743, 467, 865, 1196, 1414, 1461, 1777, 1546, 1578, 1085, 1587, 1016, 1250, 1351, 1429, 1529, 1837, 1856, 1413, 1775, 1017, 1706, 1386, 1689, 1177, 1527, 1440, 949, 1068, 1865, 1599, 1688, 1718, 1632, 1153, 1337, 1620, 1687, 1761, 1093, 1341, 1703, 1748, 1756, 1089, 1146, 1547, 968, 1497, 1530, 1557, 1664, 1707, 958, 1183, 1475, 1531, 1265, 1065, 1142, 1336, 1498, 886, 890, 948, 1088, 1407, 1442, 1479, 1044, 1144, 1203, 1579, 1678, 1731, 1770, 974, 1797, 1639, 1110, 1540, 1082, 1507, 1836, 1583, 1370, 1453
369,3640, 3792, 1321, 1470, 1803, 3600, 879, 898, 932, 961, 994, 1023, 1059, 1075, 1084, 1117, 1186, 1211, 1214, 1220, 1231, 1312, 1318, 1368, 1378, 1416, 1422, 1427, 1489, 1526, 1532, 1534, 1568, 1569, 1590, 1601, 1642, 1643, 1681, 1692, 1699, 1749, 1765, 1844, 1165, 1822, 840, 852, 670, 402, 901, 1360, 1449, 1615, 1651, 966, 1025, 1293, 1636, 1853, 361, 1166, 1638, 1666, 1727, 1157, 1365, 1420, 1725, 1428, 942, 1128, 1769, 1366, 1216, 1295, 1594, 1603, 1671, 918, 1135, 1588, 1724, 1832, 939, 1369, 1679, 1783, 989, 1533, 936, 1708, 1849, 983, 1026, 1781, 1202, 1542, 904, 1134, 1561, 1798, 1842, 993, 1091, 1163, 1232, 1322, 1417, 1495, 1024, 1041, 1230, 1481, 1835, 1284, 1313, 1350, 1576, 882, 1039, 1074, 1693, 1161, 1170, 1570, 1447, 1823, 1426, 1589, 946, 984, 1192, 1673, 1855, 1064, 1648, 1496, 1212, 998, 1149, 3847, 423, 429, 481, 542, 1868, 339, 390, 990, 1184, 1720, 425, 416, 1037, 1099, 1473, 1510, 1528, 1824, 1111, 1518, 969, 1373, 1828, 578, 1660, 1860, 1541, 1609, 1625, 1773, 1784, 1819, 1858, 1786, 1253, 1283, 1374, 1604, 863, 1563, 583, 1494, 1554, 1709, 912, 1071, 1331, 3330, 1641, 911, 943, 1204, 1290, 1714, 1115, 1537, 956, 1804, 1296, 1691, 1854, 1499, 1801, 1019, 1040, 1122, 1412, 1236, 1757, 1266, 1380, 1596, 1722, 945, 971, 1086, 1338, 1513, 1215, 1062, 742, 668, 669, 718, 720, 1047, 1408, 1815, 997, 1198, 1299, 1866, 927, 1335, 1357, 1544, 501, 508, 359, 392, 909, 1304, 1387, 1395, 1682, 1768, 1263, 1361, 1409, 1273, 1358, 1419, 1234, 919, 1306, 1063, 1176, 985, 1031, 1240, 1438, 1606, 480, 491, 380, 397, 1308, 1340, 1392, 1787, 940, 1079, 1154, 1462, 1740, 1270, 1552, 1646, 1767, 1233, 1291, 1292, 1640, 1766, 1780, 1147, 1248, 1027, 1145, 1430, 1565, 1799, 1137, 1328, 1478, 1168, 1320, 1217, 1362, 986, 1218, 1178, 1219, 1327, 1451, 1182, 1009, 1123, 1631, 3207, 1486, 1771, 991, 1013, 1571, 1577, 897, 1081, 1694, 1729, 1833, 1228, 1820, 1167, 1251, 1476, 925, 1095, 1790, 1158, 1450, 1778, 1108, 1776, 1376, 1126, 1175, 1482, 1674, 1254, 1805, 899, 1191, 931, 1612, 1398, 1090, 1506, 1669, 1698, 1239, 1391, 1076, 1305, 982, 1048, 1160, 1616, 1300, 1753, 1288, 468, 1247, 1061, 1793, 868, 1572
359,3703, 3853, 3648, 913, 965, 978, 996, 1005, 1012, 1022, 1073, 1101, 1194, 1222, 1282, 1345, 1490, 1508, 1553, 1585, 1614, 1621, 1650, 1684, 1715, 1747, 1759, 1811, 1817, 1845, 875, 1662, 856, 549, 1383, 1630, 1735, 1827, 1343, 627, 1269, 1389, 1132, 1764, 884, 1349, 1580, 1302, 1562, 951, 1035, 1326, 873, 964, 1622, 1521, 1051, 3004, 1613, 1180, 1675, 1339, 1760, 935, 1393, 490, 553, 358, 399, 408, 487, 1261, 1281, 1573, 1723, 1737, 1814, 926, 1421, 869, 1001, 1197, 1118, 1467, 1721, 906, 953, 1083, 1394, 1002, 1388, 1455, 1330, 1410, 1242, 1344, 962, 1080, 1851, 1121, 1444, 1397, 1042, 699, 828, 652, 1434, 1045, 1634, 1382, 954, 1352, 1742, 1348, 1548, 1206, 934, 1259, 511, 544, 1077, 1415, 1652, 352, 421, 1806, 1454, 1014, 1516, 1404, 1441, 1488, 1555, 1181, 1066, 1120, 1277, 1100, 1190, 1124, 1847, 1367, 1125, 1043, 1538, 1439, 1762, 917, 1483, 1830, 1246, 1807, 1364, 1249, 924, 1371, 1301, 1418, 1285, 1492, 923, 957, 1744, 1710, 1260, 510, 880, 1070, 1241, 1509, 1188, 1294, 1105, 1637, 1276, 1813, 1728, 1816, 885, 1436, 1252, 1491, 681, 678, 606, 1319, 625, 1274, 1060, 922, 1602, 348, 387, 472, 515, 907, 2817, 1624, 1021, 947, 1078, 1595, 1317, 1504, 1425, 1399, 1685, 1593, 963, 449, 498, 509, 385, 373, 477, 539, 1889, 1975, 2010, 2028, 2030, 2032, 2062, 2106, 2114, 2145, 2168, 2178, 2203, 2206, 2221, 2235, 2241, 2256, 2273, 2317, 2322, 2327, 2341, 2347, 2349, 2448, 2456, 2488, 2520, 2598, 446, 1653, 546, 1097, 1143, 1400, 1697, 3017, 3028, 3064, 3299, 2635, 2660, 2694, 2702, 2755, 2778, 2779, 2789, 2833, 2850, 2926, 2955, 2958, 2966, 2982, 2998, 3000, 3006, 3022, 3086, 3094, 3134, 3149, 3230, 3240, 3242, 3267, 3279, 3282, 3283, 3307, 3334, 3365, 3379, 891, 1574, 1297, 1278, 1658, 1850, 1353, 1332, 1629, 1004, 1034, 673, 724, 777, 782, 697, 757, 825, 660, 786, 765, 701, 703, 1245, 1424, 1485, 563, 872, 1029, 1437, 435, 440, 657, 474, 1006, 1788, 1411, 466, 540, 370, 436, 442, 383, 479, 407, 465, 521, 526, 575, 1785, 1114, 1515, 1244, 1575, 1702, 1859, 1808, 937, 1754, 1867, 1443, 1736, 1020, 376, 415, 463, 870, 1558
426,867, 928, 1058, 1094, 1112, 1116, 1129, 1205, 1271, 1280, 1520, 1535, 1809, 1825, 3720, 3820, 1493, 832, 1800, 1151, 1696, 1054, 1463, 1459, 1235, 2627, 1136, 457, 476, 484, 393, 1649, 394, 496, 1471, 1794, 1831, 980, 1700, 2959, 2967, 1841, 1656, 739, 800, 853, 596, 1857, 536, 417, 471, 494, 1772, 1046, 1152, 1385, 1863, 908, 1007, 977, 933, 1466, 2886, 1435, 1726, 1472, 1113, 1657, 1226, 1605, 1309, 1655, 1140, 859, 528, 1838, 1502, 395, 404, 459, 573, 585, 628, 346, 1272, 1431, 1503, 3248, 1323, 1611, 1402, 1460, 1680, 424, 389, 1887, 1980, 1992, 2000, 2006, 2024, 2069, 2124, 2126, 2128, 2143, 2165, 2172, 2199, 2208, 2210, 2211, 2248, 2266, 2277, 2282, 2316, 2325, 2350, 2370, 2389, 2418, 2468, 2489, 2506, 2548, 2550, 2557, 2607, 504, 550, 334, 520, 1056, 2884, 3170, 2612, 2659, 2688, 2692, 2774, 2802, 2807, 2821, 2829, 2862, 2868, 2870, 2896, 2908, 2910, 2945, 2984, 3024, 3025, 3026, 3039, 3052, 3067, 3104, 3135, 3141, 3148, 3182, 3275, 3316, 3340, 3358, 3359, 3370, 754, 806, 662, 747, 712, 1255, 881, 372, 552, 439, 1549, 492, 382, 1356, 1267, 959, 3150, 1704, 903, 1834, 889, 972, 1347, 1843, 944, 617, 1106, 955, 2087, 2088, 2140, 2532, 345, 541, 355, 571, 577, 592, 639, 1701, 1406, 975, 1131, 1174, 3233, 1802, 615, 895, 1448, 336, 495, 1582, 462, 1457, 1592, 1311, 1523, 795, 732, 816, 1279, 379, 531, 458, 3214, 2657, 2797, 1173, 2245, 2255, 2272, 2578, 455, 400, 403, 644, 529, 2450, 2072, 2082, 2268, 2352, 2034, 2220, 2228, 2229, 2240, 2451, 2543, 2012, 2019, 2025, 2190, 2131, 1947, 2174, 2306, 2580, 1873, 1949, 2465, 2057, 2177, 2289, 1882, 2297, 2452, 1904, 1963, 2090, 2103, 2152, 2445, 2569, 2582, 2052, 2237, 2457, 2514, 2015, 2086, 2160, 2259, 2443, 2446, 2458, 2472, 2529, 2549, 2564, 2574, 1942, 1961, 2109, 2167, 2194, 2547, 2552, 2218, 2236, 2330, 2227, 2230, 2247, 2044, 2425, 2003, 2116, 2129, 2285, 2304, 2404, 418, 443, 1433, 3096, 3335, 2669, 2679, 2691, 2730, 2736, 2782, 2885, 2981, 3106, 3264, 2772, 3184, 3235, 3276, 2880, 3152, 3374, 3238, 3323, 3225, 2785, 52, 3036, 2718, 3185, 2950, 3046, 2903, 2751, 3317, 2965, 3007, 2623, 2898, 2869, 3361, 2811, 3047, 3078, 2668, 3119, 3157, 3274, 3346, 3292, 2861, 2994, 3030, 2625, 2825, 2844, 2860, 2929, 2948, 3120, 3228, 3306, 2768, 3053, 3056, 2893, 2980, 894, 1661, 767, 779, 683, 733, 798, 768, 700, 799, 711, 723, 731, 760, 761, 769, 808, 822, 809, 770, 661, 1826, 896, 621, 1207, 347, 503, 445, 598, 629, 398, 1635, 1623, 1779, 1861, 377, 338
637,676, 830, 831, 419, 1396, 1329, 1676, 1734, 353, 1774, 866, 1659, 921, 837, 1617, 411, 488, 1257, 1730, 1456, 1628, 1028, 1379, 2947, 1668, 686, 721, 667, 499, 363, 1104, 374, 1346, 1469, 1000, 1607, 1187, 1049, 3909, 431, 1874, 1880, 1907, 1909, 1923, 1925, 1957, 1958, 1986, 1987, 2002, 2095, 2102, 2105, 2108, 2120, 2161, 2185, 2189, 2225, 2238, 2270, 2391, 2399, 2434, 2453, 2497, 2515, 2531, 2563, 2566, 2572, 2588, 1559, 651, 2823, 2921, 2937, 3294, 2617, 2622, 2648, 2674, 2677, 2681, 2747, 2748, 2756, 2830, 2839, 2873, 2914, 2949, 2956, 3012, 3072, 3076, 3091, 3127, 3133, 3176, 3186, 3227, 3263, 3289, 3291, 3314, 3331, 3332, 3354, 3355, 1452, 819, 725, 693, 746, 507, 1862, 410, 478, 543, 3110, 1229, 1372, 1316, 2278, 2286, 2415, 512, 560, 569, 576, 582, 612, 630, 637, 659, 622, 1792, 3189, 1275, 692, 810, 388, 341, 821, 775, 607, 447, 427, 450, 2928, 2940, 3144, 1796, 1375, 2193, 2351, 405, 430, 2115, 2014, 2197, 2337, 128, 2009, 2059, 2097, 2139, 2191, 2261, 2312, 2334, 2339, 2556, 2075, 2100, 2364, 2426, 2083, 2576, 1983, 2595, 2077, 1930, 2291, 2372, 2410, 1872, 1897, 2262, 2441, 2594, 1960, 2383, 2154, 2416, 2471, 2505, 2078, 2292, 2542, 2138, 1982, 2343, 2005, 2232, 2527, 1896, 1984, 2042, 2321, 2546, 3341, 2714, 3130, 3183, 3250, 3301, 2887, 2924, 3100, 3146, 3208, 2890, 2735, 2934, 3181, 2899, 3009, 2728, 2611, 3085, 2610, 2938, 2678, 3191, 2969, 2913, 2633, 2650, 2842, 2906, 2849, 3211, 3224, 2727, 2781, 2801, 2643, 2647, 2703, 2974, 2798, 2812, 2835, 3044, 2973, 787, 812, 674, 666, 690, 710, 824, 772, 738, 737, 1403, 340, 473, 360, 595, 464, 1015, 1227, 401, 1852, 1458, 2092, 2226, 2296, 2484, 2538, 2544, 505, 3290, 3303, 3324, 801, 835, 608, 1133, 538, 381, 1981, 2156, 2222, 2535, 1870, 2298, 2331, 2142, 2150, 2233, 2459, 2521, 2565, 2089, 1962, 2071, 2231, 2276, 2523, 2555, 2573, 2186, 2359, 2340, 2348, 2433, 2503, 2541, 1939, 1940, 1941, 1976, 2067, 2155, 2234, 2338, 2449, 1988, 1995, 2027, 2036, 2135, 1920, 2428, 2526, 2560, 1899, 1953, 2401, 2007, 2055, 2151, 2287, 2435, 2579, 1922, 1996, 2016, 2038, 2134, 2215, 2511, 2063, 2187, 2345, 1999, 2076, 2284, 2498, 2066, 2398, 1994, 2098, 2280, 2354, 1875, 2558, 1950, 2417, 2260, 2361, 2367, 2371, 2510, 1903, 2462, 1978, 2017, 364, 366, 406, 412, 461, 483, 165, 2963, 3169, 3322, 2698, 2822, 2962, 2680, 2820, 3309, 2724, 2796, 3070, 2856, 3019, 2655, 2759, 2968, 3042, 3063, 3194, 2666, 2863, 2922, 3378, 3213, 2743, 3350, 2810, 3031, 3164, 3218, 2708, 2814, 2933, 743, 792, 525, 502, 1713, 2676, 2104, 2176, 2201, 2096, 2153, 2442, 2469, 1998, 548, 600, 1705, 2939, 2993, 3125, 2661, 2742, 2146, 2204, 2447, 2423, 551, 444, 1902, 2029, 2279, 2476, 1901, 1869, 1911, 2413, 1937, 2039, 2344, 2455, 2501, 2001, 2362, 2603, 2073, 2376, 2477, 1881, 2293, 2524, 1927, 1945, 2041, 2045, 2252, 2386, 2436, 2507, 2048, 2419, 2214, 2530, 2026, 2157, 2271, 2540, 2305, 2094, 2536, 2043, 2253, 1993, 2079, 2512, 2300, 2246, 2110, 1876, 2591, 1888, 2422, 1951, 2250, 2179, 2596, 1883, 1936, 1974, 2502, 2127, 2500, 1918, 1935, 2064, 2020, 2483, 2604, 2033, 2421, 2587, 2224, 2047, 2170, 1894, 2164, 2307, 2381, 1989, 2070, 2264, 2323, 2363, 2058, 2050, 2329, 2412, 2553, 2183, 2212, 2551, 2008, 2118, 2149, 2200, 2463, 2056, 2314, 2485, 1979, 2424, 1915, 2196, 2561, 2592, 2093, 2144, 2195, 2242, 2813, 2985, 3265, 3098, 3297, 3366, 2746, 2697, 2665, 3131, 3221, 3202, 3196, 3360, 3061, 3243, 3217, 3122, 2712, 3114, 3192, 2683, 3069, 2628, 2942, 3159, 3273, 3271, 3286, 3339, 2866, 3128, 2793, 3209, 3090, 3295, 2673, 2717, 2632, 2858, 2864, 2989, 3117, 3232, 3304, 2927, 2953, 3166, 3281, 2857, 2901, 3065, 2875, 2638, 2764, 2788, 2853, 2904, 3147, 3003, 2977, 2854, 2936, 2618, 2877, 2818, 2872, 2776, 2838, 706, 780, 691, 794, 796, 1627
430,650, 814, 841, 519, 1586, 1237, 1755, 858, 2701, 970, 434, 453, 1967, 2244, 2251, 2283, 2342, 2393, 2395, 2405, 2427, 2429, 2460, 2519, 987, 2637, 2642, 2672, 2711, 2738, 2740, 2771, 2805, 2819, 2848, 2865, 2881, 2905, 2932, 2952, 2979, 3015, 3139, 3153, 3165, 3175, 3203, 3220, 3254, 3277, 3310, 163, 1200, 874, 688, 1581, 1758, 3349, 1224, 1159, 1148, 878, 1003, 1171, 1695, 1598, 562, 586, 605, 613, 618, 632, 1164, 1055, 938, 1741, 793, 848, 900, 726, 695, 781, 527, 506, 3116, 2018, 2373, 1895, 1910, 2571, 2121, 2365, 2040, 2539, 1877, 1913, 2528, 2263, 2281, 2437, 2597, 1956, 2243, 2107, 2356, 2368, 2182, 2254, 3347, 3066, 3136, 2651, 3060, 2726, 2731, 2749, 2754, 2758, 3115, 2700, 3205, 3363, 3160, 3143, 2828, 3272, 3082, 2917, 3112, 2629, 803, 729, 751, 663, 752, 778, 815, 1303, 344, 654, 1262, 523, 2713, 846, 2634, 610, 580, 1929, 1965, 1933, 1966, 2294, 1905, 2207, 2378, 2163, 2493, 2049, 2568, 2392, 2479, 2494, 2099, 2518, 2054, 2480, 2180, 396, 3246, 3174, 3108, 2706, 2941, 2999, 2892, 3037, 2773, 2621, 3171, 3247, 714, 707, 713, 500, 354, 2130, 2602, 1900, 2080, 579, 601, 850, 2745, 2353, 2467, 2369, 2387, 2490, 1919, 2011, 2309, 2577, 1916, 2559, 2533, 2414, 2119, 2360, 1885, 2213, 2308, 1928, 2290, 1914, 1954, 1972, 2420, 2166, 2357, 2525, 2301, 2332, 2184, 2132, 2267, 2461, 2320, 3241, 3032, 3239, 2719, 3197, 2943, 3206, 3151, 2777, 3259, 3268, 3201, 3237, 2970, 3231, 3057, 2843, 2721, 3043, 3059, 2616, 2704, 3062, 2975, 3288, 3048, 3118, 3362, 2894, 3055, 2996, 3092, 3156, 3328, 2722, 2859, 3308, 2987, 2687, 3038, 2744, 789, 728, 756, 647, 1139, 1008, 3124, 694, 664, 679, 684, 409, 2487, 1944, 2147, 1926, 2269, 2537, 2440, 2257, 656, 3285, 2871, 3244, 3088, 3245, 3173, 3005, 3095, 2876, 2662, 2624, 2918, 704, 2495, 1985, 609, 645, 635, 570, 804, 558, 422, 2646, 2986, 950, 2085, 2366, 2031, 0, 2065, 2504, 2021, 2554, 2608, 2198, 2113, 1943, 2732, 2995, 3058, 2707, 3033, 3180, 3199, 3011, 3129, 2690, 3023, 2739, 3344, 2852, 2964, 2997, 2613, 3083, 3187, 2983, 2815, 2705, 727, 807, 753, 367, 624, 572, 1505, 1879, 3155, 715, 1258, 2626, 454, 532, 2318, 2589, 2482, 2053, 2402, 1898, 2081, 2188, 2171, 2408, 2382, 2407, 2258, 2379, 1924, 537, 516, 3356, 3140, 3001, 3319, 2639, 1938, 2586, 357, 2336, 2481, 1908, 2303, 2091, 2023, 2046, 2112, 1970, 1977, 2474, 2517, 2275, 2346, 3154, 2765, 3325, 3035, 2614, 2879, 3353, 2671, 2826, 3252, 3338, 3377, 2664, 2882, 3257, 2663, 2888, 2915, 2654, 2699, 3081, 2935, 2845, 2630, 3109, 2925, 3050, 741, 766
199,3609, 1871, 1917, 2051, 2136, 2137, 2388, 2438, 2516, 2590, 2656, 2867, 2902, 3107, 3111, 3260, 3284, 735, 791, 1342, 1067, 876, 1864, 486, 1423, 1333, 2430, 2439, 1891, 2601, 2400, 2385, 3162, 3261, 2710, 2682, 3200, 2695, 750, 698, 719, 744, 755, 785, 1210, 3808, 534, 1931, 2311, 2328, 2403, 2491, 2162, 1934, 2295, 2299, 2013, 433, 2855, 2816, 2972, 3123, 2667, 817, 3287, 2889, 638, 566, 535, 2288, 2575, 2562, 2022, 2175, 1955, 2606, 2470, 2141, 2169, 1946, 3216, 2750, 3138, 258, 3190, 2734, 2696, 2795, 2729, 3041, 2645, 2784, 736, 854, 2762, 2897, 790, 1884, 2313, 2767, 3195, 2836, 3029, 3126, 3296, 3049, 2319, 616, 604, 574, 640, 2239, 2609, 2686, 2780, 3054, 784, 567, 2380, 2600, 441, 448, 2615, 3158, 3327, 2084, 1959, 2315, 2522, 3018, 3097, 3016, 3168, 3179, 3132, 2891, 2770, 764, 855, 2431, 2324, 2851, 3312, 2753, 1445, 658, 623, 564, 2466, 2310, 2111, 2249, 2570, 342, 2644, 818, 2101, 2223, 2411, 2585, 3178, 3172, 2990, 3045, 3137, 633, 565, 581, 593, 626, 2567, 2, 27, 48, 57, 77, 103, 107, 123, 130, 148, 180, 230, 234, 246, 249, 274, 297, 310, 326, 2976, 2804, 3343, 2396, 391, 3099, 2944, 2988, 3270
158,1179, 877, 3222, 2709, 597, 30, 611, 594, 350, 2454, 3204, 3300, 2752, 2840, 3177, 2874, 759, 677, 685, 702, 1030, 556, 3348, 2074, 1921, 1964, 469, 514, 2799, 2800, 2620, 3236, 642, 530, 2593, 1932, 2473, 2792, 2794, 2806, 2685, 3311, 2911, 740, 682, 2355, 3188, 2837, 2920, 2878, 2907, 3911, 3167, 820, 302, 2358, 2035, 2406, 2508, 2464, 2715, 3105, 3372, 3113, 3034, 588, 2584, 1948, 2961, 2475, 3313, 3142, 3364, 2733, 3293, 2971, 705, 776, 524, 2923, 2649, 2791, 2787, 1745, 2037, 3321, 420, 2159, 1892, 3075, 3021, 2957, 2675, 2148, 561, 655, 482, 22, 26, 37, 85, 87, 119, 132, 137, 155, 160, 175, 179, 197, 248, 268, 280, 295, 301, 2670, 709, 2534, 2684, 2513, 3337, 811, 2122, 2444, 708, 995, 3256, 675, 470, 1968, 3375, 3219, 634, 343, 3229, 2761, 3010, 584, 649, 184, 251, 241, 284, 3, 72, 177, 161, 309, 328, 200, 24, 9, 21, 61, 102, 192, 247, 311
106,1130, 375, 2375, 337, 369, 414, 3102, 2760, 2831, 3251, 356, 981, 2599, 2004, 3298, 2991, 518, 620, 2895, 827, 771, 2173, 493, 1969, 3008, 3368, 687, 857, 2219, 181, 1155, 2631, 3302, 3084, 23, 33, 39, 54, 56, 59, 75, 116, 120, 124, 152, 183, 187, 206, 222, 224, 227, 229, 250, 312, 323, 329, 680, 475, 1906, 788, 1952, 1038, 716, 3079, 641, 2636, 619, 1886, 2883, 2931, 3369, 129, 136, 50, 168, 43, 96, 2720, 3262, 2716, 3326, 3915, 3919, 3931, 3950, 3953, 3960, 290, 3336, 35, 94, 36, 291, 5, 73, 489, 114, 225, 78, 210, 17, 260, 133, 318, 212, 134
94,2834, 2545, 2581, 3080, 2786, 3077, 2824, 3040, 3278, 3198, 533, 2265, 432, 2216, 2202, 3223, 2409, 2274, 3103, 2658, 2125, 2397, 15, 68, 162, 196, 243, 253, 269, 304, 305, 317, 2192, 3371, 2916, 3089, 2960, 3074, 3315, 557, 3193, 603, 2205, 141, 8, 204, 125, 203, 2827, 2930, 3929, 3932, 80, 191, 276, 2302, 3380, 559, 153, 287, 296, 84, 164, 266, 319, 321, 60, 261, 278, 7, 81, 215, 220, 69, 331, 195, 3087, 228, 201, 254, 111, 58, 126, 97, 110, 104, 12, 3333, 3367, 3926, 238, 38, 231, 265
64,2790, 3329, 3305, 591, 834, 2217, 1991, 40, 41, 109, 139, 156, 193, 207, 232, 233, 256, 294, 330, 2377, 2912, 844, 3013, 365, 2117, 1971, 2509, 327, 3912, 3933, 3954, 150, 213, 42, 186, 270, 166, 300, 49, 263, 178, 140, 316, 11, 282, 122, 173, 91, 108, 313, 159, 115, 235, 299, 47, 188, 18, 101, 221, 3068, 324, 325, 98, 25
38,2605, 3320, 3014, 10, 2769, 3253, 3924, 3947, 2847, 762, 1213, 106, 1, 279, 272, 349, 2832, 142, 71, 53, 3255, 3925, 113, 14, 239, 273, 3215, 2725, 298, 211, 16, 2841, 264, 845, 315, 144, 286, 3145
30,3258, 734, 3051, 2693, 237, 332, 185, 66, 438, 3318, 3269, 333, 67, 289, 255, 3101, 3956, 99, 3161, 88, 205, 3913, 151, 218, 86, 154, 3163, 157, 4, 172
15,13, 262, 202, 167, 51, 112, 70, 240, 138, 3938, 3949, 460, 293, 2809, 314
16,599, 285, 170, 127, 34, 292, 63, 3952, 547, 131, 3376, 3927, 3962, 3928, 3934, 82
13,2775, 2384, 118, 307, 44, 485, 838, 3961, 176, 283, 95, 3955, 3942
6,2619, 384, 2652, 190, 3941, 3923
6,20, 3921, 6, 3946, 378, 158
3,3948, 426, 208
1,3945
1,62
1,3930
2,3944, 3958
6,3951, 92, 169, 214, 252, 3916
0,
3,3914, 79, 135
1,267
1,308
1,216
0,
1,31
0,
0,
0,
0,
0,
