1,3381
25,3389, 3390, 3394, 3406, 3448, 3464, 3485, 3524, 3556, 3580, 3591, 3616, 3620, 3623, 3656, 3662, 3681, 3697, 3752, 3767, 3768, 3789, 3798, 3869, 3892
51,3383, 3386, 3401, 3404, 3415, 3417, 3420, 3424, 3487, 3536, 3542, 3576, 3593, 3624, 3641, 3672, 3701, 3713, 3717, 3746, 3753, 3762, 3763, 3823, 3835, 3608, 3663, 3665, 3657, 3836, 3533, 3382, 3484, 3549, 3504, 3802, 3828, 3408, 3765, 3900, 3801, 3597, 3527, 3589, 3857, 3879, 3511, 3653, 3731, 3528, 3866
59,3545, 3676, 3854, 3442, 3831, 3554, 3693, 3845, 3664, 3842, 3534, 3877, 3455, 3447, 3625, 3800, 3506, 3583, 3725, 3776, 3793, 3822, 3824, 3460, 3799, 3736, 3851, 3819, 3786, 3559, 3864, 3441, 3903, 3500, 3426, 3515, 3519, 3872, 3612, 3740, 3759, 3471, 3402, 3530, 3574, 3727, 3645, 3852, 3458, 3698, 3859, 3459, 3384, 3398, 3757, 3764, 3883, 3513, 3650
76,3579, 3720, 3585, 3850, 3483, 3863, 3607, 3756, 3695, 3810, 3427, 3529, 3581, 3481, 3839, 3451, 3584, 3598, 3456, 3552, 3594, 3635, 3643, 3443, 3646, 3658, 3636, 3853, 3847, 3416, 3439, 3470, 3453, 3495, 3690, 3604, 3465, 3637, 3755, 3807, 3825, 3840, 3739, 3518, 3433, 3392, 3467, 3642, 3627, 3675, 3454, 3461, 3588, 3463, 3561, 3705, 3730, 3510, 3773, 3898, 3544, 3546, 3501, 3457, 3550, 3652, 3678, 3405, 3540, 3452, 3517, 3875, 3525, 3829, 3428, 3814
55,3617, 3791, 3499, 3661, 3751, 3870, 3437, 3507, 3531, 3723, 3555, 3557, 3548, 3775, 3760, 3393, 3846, 1050, 3632, 3614, 3462, 3806, 3890, 3516, 3568, 3714, 3780, 3738, 3482, 3633, 3476, 3543, 3761, 3894, 3754, 3397, 3817, 3721, 3413, 3733, 3582, 3710, 3715, 3468, 3673, 3660, 3430, 3707, 3610, 3396, 3508, 3577, 3570, 3719, 3901
29,3728, 3596, 3811, 3860, 3558, 3395, 3777, 3899, 3535, 3421, 3880, 3669, 3696, 3679, 3729, 3477, 3769, 3813, 1127, 1155, 1289, 1470, 3621, 3770, 3422, 3706, 3809, 3566, 3716
19,3876, 3783, 3537, 1268, 1278, 1381, 1453, 1782, 3466, 3649, 3766, 3412, 3602, 3606, 3595, 3630, 3711, 1379, 1062
10,3758, 3889, 1053, 1099, 1212, 1525, 1235, 1631, 1641, 1512
49,1550, 875, 1522, 1514, 100, 3488, 3771, 915, 1107, 1477, 1665, 2646, 2650, 2655, 2661, 2693, 2697, 2714, 2730, 2756, 2758, 2772, 2788, 2801, 2807, 2831, 2866, 2890, 2899, 2902, 2914, 2921, 2928, 2978, 3002, 3036, 3045, 3064, 3081, 3090, 3091, 3137, 3249, 3267, 3275, 3365, 1365, 1763, 1369
162,1393, 1633, 1644, 1662, 1613, 988, 2615, 2626, 2633, 2634, 2659, 2660, 2699, 2732, 2734, 2740, 2769, 2802, 2806, 2820, 2835, 2858, 2865, 2887, 2922, 2944, 2947, 2966, 2984, 2992, 3012, 3015, 3022, 3037, 3054, 3076, 3106, 3123, 3163, 3168, 3192, 3206, 3211, 3214, 3243, 3269, 3272, 3294, 3297, 3327, 3333, 3335, 3361, 3362, 864, 1370, 1412, 1503, 1165, 334, 549, 587, 887, 888, 907, 908, 927, 961, 991, 994, 1063, 1076, 1089, 1097, 1125, 1220, 1354, 1405, 1417, 1506, 1513, 1526, 1542, 1566, 1571, 1634, 1640, 1642, 1661, 1728, 1742, 1815, 1136, 3181, 3370, 2643, 2745, 2898, 3143, 3221, 3301, 2721, 2700, 3299, 3191, 2610, 2849, 3094, 3271, 3175, 2885, 3322, 3024, 3042, 3173, 2644, 2666, 2692, 2776, 3151, 3279, 3295, 2742, 2795, 2667, 3177, 3286, 2611, 2774, 2793, 2933, 2987, 3120, 3292, 2743, 2812, 2875, 2891, 2892, 3062, 3263, 3165, 2612, 2810, 3313, 2616, 3112, 2638, 3179, 3290, 2940, 2965, 3047, 2760, 2895, 3108, 3265, 1594, 1330, 1496, 1486, 1819
348,459, 563, 891, 962, 967, 976, 1005, 1012, 1021, 1057, 1067, 1132, 1164, 1174, 1176, 1180, 1202, 1240, 1251, 1280, 1281, 1299, 1314, 1316, 1322, 1341, 1348, 1388, 1444, 1465, 1483, 1489, 1495, 1581, 1598, 1618, 1664, 1670, 1736, 1740, 1777, 1824, 1845, 1855, 1860, 1863, 3843, 893, 1026, 2818, 3188, 2988, 3070, 3086, 3100, 3264, 2623, 2736, 2842, 3115, 2786, 2958, 3213, 3125, 2800, 2857, 3063, 3171, 3228, 2705, 2726, 2764, 2816, 3246, 2791, 2964, 3033, 3136, 3350, 2717, 2651, 2974, 3307, 3331, 2625, 2735, 2770, 3092, 3098, 3146, 3274, 3060, 2630, 2814, 2863, 2962, 2727, 2950, 3046, 2749, 2656, 2953, 3329, 3318, 3349, 3009, 2840, 1545, 1626, 1687, 1739, 1357, 935, 1038, 2731, 2980, 3011, 3130, 3034, 3178, 3306, 2632, 2869, 3219, 3283, 2904, 2936, 2678, 3017, 2738, 2618, 3235, 3240, 2986, 2706, 2718, 2702, 3354, 2932, 955, 3309, 3078, 3154, 3196, 2920, 2972, 2668, 2665, 2781, 2982, 2948, 912, 1748, 1149, 1159, 366, 371, 385, 392, 408, 424, 463, 487, 503, 520, 554, 359, 363, 476, 495, 544, 1086, 1439, 1737, 1865, 934, 949, 1308, 1804, 1269, 1413, 1788, 617, 1338, 1718, 1770, 932, 945, 1291, 1791, 924, 1031, 1694, 1111, 1118, 1313, 1541, 1671, 1693, 1854, 1359, 1555, 1620, 1835, 971, 929, 1037, 1567, 1714, 1773, 1783, 1795, 948, 1562, 1088, 1134, 1143, 1430, 1750, 1817, 886, 1065, 1144, 1204, 1475, 1851, 1100, 1768, 1226, 1290, 1353, 1468, 1776, 1790, 348, 1692, 1726, 1780, 1792, 911, 1266, 1351, 1516, 1761, 1766, 1481, 1528, 1806, 1305, 1265, 1459, 1818, 986, 1585, 1672, 2708, 3038, 2853, 2712, 2828, 2888, 2939, 2621, 3128, 3289, 3339, 3355, 3341, 2985, 3048, 3028, 2990, 2969, 3066, 3056, 3169, 3200, 2981, 3257, 3085, 3061, 2817, 2613, 2867, 2873, 2690, 2703, 3088, 3031, 3065, 3104, 3245, 2815, 2864, 3133, 2744, 2996, 3157, 3079, 3114, 3131, 2614, 3057, 3053, 3152, 2967, 3007, 3242, 2746, 3176, 2825, 3044, 2704, 2854, 2844, 2859, 3019, 2952, 3182, 3374, 2977, 3230, 3209, 3276, 2937, 2642, 2677, 2683, 2876, 2942, 2813, 2880, 3082, 3302, 3186, 2759, 2724, 3218, 3241, 2823, 2688, 2778, 3142, 1087, 1521, 1561, 1482, 1583
460,1321, 1659, 1519, 3194, 2893, 3003, 2975, 2669, 2797, 2901, 3338, 3237, 3291, 2811, 2971, 3343, 2687, 2698, 2639, 3029, 3074, 3207, 2713, 2896, 3366, 2670, 2917, 2934, 2998, 3310, 2809, 3364, 3166, 3025, 2884, 3052, 3378, 2691, 2961, 3059, 3205, 3141, 1122, 1478, 1494, 1401, 357, 358, 361, 388, 389, 422, 429, 440, 460, 490, 516, 548, 552, 419, 468, 621, 1473, 1602, 1724, 501, 1072, 1461, 1708, 1105, 1337, 1024, 1199, 1570, 1128, 1234, 1601, 1157, 1520, 1574, 1579, 873, 925, 931, 1081, 1095, 1084, 916, 1051, 1230, 1331, 1757, 1295, 1312, 1380, 1479, 1394, 1632, 1729, 982, 522, 1837, 958, 1376, 1569, 1858, 1560, 1686, 997, 1196, 1218, 1245, 1283, 1311, 1373, 3268, 2999, 2970, 2994, 3140, 3328, 3332, 3190, 3231, 2903, 3097, 3103, 3069, 2838, 2798, 2908, 3001, 3083, 2860, 3095, 2647, 3360, 3304, 3119, 2777, 3303, 3039, 3270, 2784, 2894, 2868, 3337, 2821, 2707, 2722, 2941, 3224, 3305, 3184, 3363, 2792, 2927, 2949, 2728, 1703, 1216, 1675, 1599, 1217, 1774, 531, 1508, 423, 1630, 421, 484, 1228, 1320, 1510, 1518, 1043, 1292, 874, 890, 1751, 1696, 1039, 1161, 898, 936, 1340, 1685, 1110, 1616, 1823, 882, 1532, 1563, 1178, 1400, 1407, 1288, 1622, 1137, 1246, 1328, 909, 1205, 1575, 1802, 1041, 1538, 1580, 1619, 1250, 1656, 413, 627, 1129, 1131, 1140, 1438, 1004, 1135, 1241, 1416, 1501, 1554, 1861, 1391, 1743, 1862, 970, 1114, 1484, 1850, 883, 1147, 1350, 1859, 922, 1068, 1079, 1166, 1422, 1829, 1607, 2679, 2617, 2852, 2938, 2924, 3058, 3261, 3334, 2861, 2872, 2637, 2761, 3159, 3353, 3050, 3325, 2719, 2782, 2886, 3340, 3285, 2991, 3344, 1760, 1115, 1711, 918, 1142, 1183, 1546, 1798, 1472, 339, 1487, 3377, 3238, 2925, 3236, 3260, 2672, 2627, 2889, 3189, 3373, 2780, 3204, 2993, 3183, 3043, 3232, 2790, 899, 1578, 1572, 1822, 534, 351, 379, 528, 467, 338, 410, 526, 540, 372, 478, 381, 465, 499, 542, 355, 529, 445, 1842, 1596, 1418, 1454, 1689, 1828, 1699, 975, 1102, 1786, 1208, 1346, 1141, 1172, 1799, 1091, 1124, 1298, 1013, 1108, 1273, 1409, 1071, 1222, 1467, 1610, 1767, 1847, 917, 993, 969, 1698, 1844, 892, 1565, 1232, 1680, 1044, 1669, 1302, 1674, 1784, 968, 1362, 1153, 1160, 1175, 1678, 1725, 1296, 1576, 1830, 1239, 1334, 1297, 1447, 1476, 1146, 1515, 1600, 1300, 1645, 1093, 1450, 1203, 1498, 1820, 1805, 947, 1442, 1707, 1252, 1249, 989, 868, 1275, 928, 1577, 1163, 1211, 1248, 1691, 394, 511, 1385, 1628, 1426, 1158, 1756, 1589, 1557, 1040, 1367, 1170, 1126, 1849, 1666, 1219, 1306, 1592, 1612, 1025, 1064, 1553, 940, 1398, 1568, 1531, 3129, 2959, 3296, 3359, 2871, 3369, 2819, 2874, 3288, 3330, 2983, 2695, 2629, 2628, 2877, 3030, 3187, 2794, 3035, 3005, 3139, 1623, 3193, 3197, 3132, 3281, 3023, 2657, 3201, 2822, 3308, 3300, 1464, 3256, 3016, 3356, 1814
324,1198, 431, 1529, 964, 1825, 1253, 1755, 1279, 1318, 1395, 1007, 1271, 1431, 374, 878, 889, 1016, 1441, 1455, 919, 1604, 1404, 1414, 1785, 906, 1242, 1474, 1552, 863, 1083, 1548, 1182, 1428, 2711, 2789, 3149, 2694, 2836, 2935, 3248, 3317, 3102, 3202, 3134, 2839, 3075, 3250, 3018, 3233, 2943, 1326, 1801, 2645, 3096, 2918, 2837, 644, 543, 416, 488, 491, 550, 497, 354, 376, 393, 449, 455, 498, 1233, 1722, 1460, 1762, 926, 1397, 1243, 1827, 1356, 1270, 1419, 1403, 1151, 1701, 1429, 1446, 1014, 1167, 1074, 1709, 1361, 1443, 1191, 1254, 1547, 1098, 1263, 1752, 1753, 1772, 1497, 1710, 1282, 1301, 1335, 943, 1080, 1856, 937, 1034, 1833, 1609, 1646, 1150, 984, 1047, 1192, 1509, 1238, 1386, 3147, 2915, 3216, 2635, 2979, 3027, 2636, 2662, 2622, 2755, 3158, 2879, 2729, 2796, 3217, 2829, 3321, 3118, 3380, 2855, 2701, 3208, 2673, 2913, 3185, 1746, 1839, 956, 2664, 3138, 3203, 2851, 3284, 3323, 3049, 3346, 546, 530, 404, 504, 553, 480, 508, 573, 380, 966, 1184, 1502, 1735, 614, 1700, 1360, 1229, 1274, 1406, 397, 466, 1285, 1573, 1681, 1807, 1778, 1462, 1660, 1787, 1789, 914, 1017, 1123, 1168, 1800, 1019, 1048, 377, 1731, 1264, 1389, 1677, 1343, 1434, 1797, 1840, 1154, 1364, 1648, 869, 1001, 2973, 2675, 3247, 3222, 3156, 1493, 2910, 1984, 1988, 1994, 2082, 2208, 2404, 2413, 2442, 2494, 1679, 352, 436, 481, 657, 1261, 507, 458, 1625, 865, 1152, 954, 1539, 1534, 879, 1697, 1171, 959, 1113, 1094, 1535, 1527, 1643, 536, 881, 1077, 1838, 1207, 1236, 1188, 1352, 1408, 960, 1375, 1764, 1121, 1120, 1257, 1587, 1399, 1336, 1673, 1190, 1544, 972, 1276, 1092, 3164, 3251, 2845, 2674, 1206, 1635, 1471, 2846, 1377, 500, 592, 373, 417, 1066, 1117, 1720, 387, 457, 382, 368, 506, 444, 496, 539, 509, 1035, 1189, 1504, 510, 1284, 1540, 979, 1657, 1056, 1832, 1457, 1028, 1427, 1793, 1384, 1492, 1177, 1294, 1582, 1524, 1682, 1221, 983, 3320, 2955, 3170, 2715, 3014, 2862, 3122
233,1683, 1821, 3358, 3004, 1715, 2631, 2682, 2968, 475, 340, 454, 344, 447, 353, 415, 477, 1078, 1368, 896, 1293, 1424, 885, 1070, 1530, 1358, 1638, 1779, 897, 1627, 990, 1841, 1649, 1448, 1606, 1593, 1639, 1747, 3239, 3347, 3160, 2767, 2762, 3379, 1867, 1882, 1963, 2297, 2462, 1425, 395, 472, 622, 648, 399, 401, 1551, 1387, 1615, 1049, 1085, 1727, 1491, 435, 650, 1020, 1466, 930, 1332, 1500, 1499, 1392, 1536, 1663, 1721, 1813, 3124, 2957, 2826, 3116, 3135, 405, 2710, 3117, 489, 901, 1415, 1611, 341, 585, 1549, 1378, 1533, 974, 1339, 957, 1603, 1775, 1629, 1267, 2680, 1809, 523, 946, 870, 933, 1260, 1073, 905, 1000, 1145, 1702, 985, 1595, 1781, 980, 1247, 1590, 2676, 2824, 3429, 589, 502, 486, 1808, 1769, 1637, 1342, 1853, 1106, 1831, 2909, 3008, 2906, 3180, 3315, 3259, 406, 439, 402, 1636, 1765, 1857, 895, 977, 1834, 1730, 407, 588, 345, 939, 1003, 1032, 3041, 3375, 2882, 2090, 2178, 2304, 2470, 1950, 2144, 2226, 2245, 2352, 2398, 2467, 2469, 2546, 2548, 2009, 2057, 2325, 2566, 1901, 2104, 2195, 2410, 128, 2463, 2565, 2099, 2473, 2544, 1897, 2189, 2578, 1868, 1872, 2200, 2201, 2286, 2372, 2538, 2042, 2088, 2298, 2540, 2094, 2174, 2194, 2243, 2316, 2322, 2323, 2419, 515, 427, 1045, 2106, 2246, 2285, 2347, 2351, 2389, 2453, 2542, 541, 913, 1187, 1383, 1617, 443, 434, 453, 494, 479, 1104, 1667, 1396, 1507, 1061, 1255, 3282
288,1033, 1741, 1186, 1684, 1009, 1006, 2963, 2881, 2733, 2624, 3253, 383, 512, 537, 336, 1119, 1411, 1046, 884, 1490, 1866, 1173, 1651, 1259, 953, 2658, 3225, 999, 3167, 3032, 418, 441, 409, 492, 1310, 1469, 652, 965, 1488, 2066, 2093, 2080, 2415, 2424, 2140, 2222, 2283, 1879, 1904, 2138, 1876, 2028, 2422, 2602, 2003, 2557, 1915, 2010, 2024, 2135, 2459, 1958, 2103, 2150, 2291, 2584, 2525, 2550, 2587, 2595, 1927, 2070, 2232, 2493, 1591, 1888, 1995, 2366, 1432, 620, 1523, 1723, 1277, 347, 1558, 1759, 1324, 1706, 1209, 3107, 1826, 2129, 2165, 2319, 1982, 2146, 2272, 2382, 1898, 1920, 2506, 1910, 2083, 2547, 2031, 2152, 2177, 1998, 2280, 576, 602, 618, 625, 653, 923, 1244, 1371, 2995, 3153, 1744, 903, 1624, 1327, 1082, 1695, 3150, 461, 1029, 1319, 538, 583, 629, 598, 2255, 2370, 2072, 2008, 2340, 2023, 2235, 2238, 2036, 2532, 2558, 2391, 2518, 2539, 2013, 2213, 2337, 2426, 1895, 2027, 2056, 2258, 2278, 2338, 1937, 2521, 2149, 2522, 2488, 2153, 311, 2498, 2585, 2289, 2321, 1935, 2058, 2307, 2501, 2564, 2598, 2601, 2169, 2281, 1880, 1896, 1907, 1918, 2000, 2005, 2037, 2046, 2059, 2085, 2121, 2134, 2141, 2145, 2176, 2224, 2227, 2260, 2406, 2444, 2458, 2466, 2490, 2502, 2529, 2545, 2572, 2594, 1903, 2236, 2108, 2124, 2387, 2110, 2481, 2552, 1911, 2087, 2460, 2021, 2164, 2268, 2296, 2320, 2241, 2573, 1949, 2029, 2211, 2231, 2276, 2363, 2376, 2386, 2483, 2514, 2109, 2360, 2604, 2001, 2472, 2543, 1873, 1961, 2053, 2172, 2198, 2207, 2287, 2515, 2541, 2551, 2553, 2399, 2455, 2523, 2524, 2555, 1881, 2367, 2371, 2436, 2603, 1976, 2334, 2451, 2503, 1894, 2020, 2045, 2097, 2139, 2277, 2528, 2015, 2079, 2292, 1999, 2034, 2357, 513, 2300, 2484, 2100, 2118, 2204, 1758, 872, 411, 1848, 1690
256,952, 1345, 519, 1436, 1864, 1485, 2752, 1112, 2142, 2266, 2186, 2420, 1959, 2330, 2452, 594, 604, 634, 1272, 1586, 1653, 1463, 1843, 474, 527, 1556, 1197, 2187, 2248, 2461, 1941, 2353, 2220, 2247, 2242, 2591, 2193, 2221, 2098, 2349, 274, 114, 2511, 2257, 2157, 2423, 1977, 2022, 2092, 2125, 2183, 2215, 2237, 2262, 2318, 2345, 2407, 2417, 2441, 2510, 2574, 2597, 2449, 2089, 1925, 2185, 2271, 2393, 1943, 1902, 2086, 2329, 2361, 2536, 2076, 2414, 1922, 2279, 2560, 2025, 2120, 2191, 2048, 2348, 1899, 1909, 1939, 2041, 2240, 2443, 2457, 2568, 2229, 2327, 2412, 2416, 1942, 1986, 2105, 2373, 2233, 2018, 400, 1315, 470, 375, 1704, 1559, 2976, 3273, 2619, 369, 1344, 1116, 1333, 1456, 493, 1966, 2116, 1987, 1951, 2163, 2405, 2062, 2128, 2288, 2561, 2592, 2332, 2252, 2261, 1919, 2043, 2228, 2421, 2019, 2078, 2119, 2440, 2487, 2282, 2504, 1940, 2050, 2447, 1993, 2011, 2166, 2253, 2433, 2131, 574, 1452, 2378, 2096, 1929, 1921, 2040, 2607, 1883, 2343, 579, 1130, 1148, 1449, 532, 654, 2331, 2495, 1900, 2477, 2039, 2305, 2368, 2162, 2218, 2071, 2430, 2385, 142, 266, 1957, 2203, 1931, 2091, 2154, 2155, 2160, 1874, 1953, 2073, 2067, 1885, 2095, 2143, 2309, 2206, 2179, 2589, 2002, 1934, 2075, 2350, 2117, 2401, 2491, 2344, 2362, 2381, 2359, 2312, 2175, 2284, 2507, 2579, 2064, 2556, 2259, 2549, 2580, 2339, 2428, 2500, 2012, 2497, 2293, 2596, 2445, 2569, 2311, 2505, 2450, 2030, 2038, 2301, 1945, 2471, 2170, 1996, 2446, 2526, 2167, 2063, 2014, 2016, 2306, 2033, 2512, 2402, 2435, 2077, 2190, 2275, 2310, 2586, 1652
119,942, 2827, 1059, 904, 2196, 2448, 2530, 1926, 398, 430, 1836, 2517, 1992, 2159, 2480, 2346, 2182, 2244, 2315, 2054, 1928, 2197, 2554, 642, 578, 562, 2429, 2256, 2216, 2482, 2065, 291, 1989, 1985, 2295, 2314, 2212, 2308, 2263, 2508, 2383, 2127, 2427, 2102, 1193, 2392, 1997, 608, 635, 561, 1027, 2559, 102, 261, 309, 111, 2265, 2342, 2147, 2418, 2475, 2582, 1891, 1936, 1974, 1875, 1906, 2369, 2531, 2264, 1256, 1317, 2168, 2431, 1972, 2388, 2609, 2205, 2026, 2202, 2267, 2562, 2303, 601, 2251, 1960, 2126, 2107, 1962, 580, 596, 1954, 2588, 1887, 1955, 155, 206, 110, 200, 1980, 2299, 2576, 2485, 1870, 2270, 1946, 2324, 2047, 2519, 2590, 1981, 2225, 1991, 2060, 2364, 2605, 2111, 2180, 2249
65,876, 2328, 2151, 1964, 1908, 615, 565, 577, 1055, 2476, 2411, 148, 225, 265, 331, 0, 1970, 1947, 2052, 2294, 2577, 2081, 2380, 535, 2223, 2214, 571, 2489, 1877, 2069, 2017, 1967, 590, 658, 2317, 1932, 2112, 1913, 2527, 2593, 1914, 1975, 432, 2219, 1968, 572, 607, 1869, 312, 44, 284, 101, 195, 228, 1978, 2535, 584, 1965, 610, 2533, 2608, 22, 2606, 2537, 2044
67,2137, 2439, 2113, 2051, 556, 63, 106, 201, 1890, 2583, 177, 290, 192, 318, 34, 1983, 2004, 2400, 597, 600, 2575, 2250, 2101, 91, 2365, 2313, 581, 582, 638, 655, 125, 213, 170, 12, 23, 49, 51, 59, 64, 118, 156, 161, 175, 189, 193, 199, 205, 221, 232, 246, 258, 277, 278, 306, 2425, 448, 1886, 651, 659, 603, 212, 257, 250, 260, 319, 11, 1956
47,626, 1090, 81, 41, 67, 77, 143, 146, 158, 167, 168, 220, 251, 276, 300, 586, 328, 21, 269, 25, 97, 162, 115, 164, 321, 2084, 2115, 2358, 2341, 18, 72, 26, 2290, 2156, 605, 641, 566, 48, 61, 134, 296, 159, 302, 52, 570, 17, 237
42,640, 180, 50, 263, 2520, 612, 645, 140, 204, 127, 176, 150, 254, 10, 619, 122, 1, 136, 15, 62, 9, 203, 54, 191, 301, 45, 241, 282, 116, 53, 1916, 609, 66, 120, 153, 60, 240, 235, 2833, 98, 157, 310
24,1597, 178, 19, 259, 78, 295, 325, 80, 649, 27, 35, 39, 119, 279, 5, 186, 313, 42, 75, 76, 2239, 560, 316, 270
18,327, 133, 16, 273, 183, 332, 126, 239, 623, 182, 68, 121, 247, 303, 255, 107, 129, 307
10,7, 96, 172, 36, 637, 20, 73, 160, 299, 104
3,238, 286, 85
5,188, 329, 14, 108, 289
4,179, 87, 38, 2
0,
1,287
0,
0,
0,
0,
0,
