1,3381
22,3417, 3503, 3526, 3534, 3539, 3544, 3588, 3622, 3673, 3713, 3725, 3736, 3738, 3766, 3771, 3774, 3776, 3788, 3847, 3854, 3884, 671
56,3392, 3406, 3409, 3412, 3443, 3445, 3453, 3460, 3461, 3484, 3488, 3498, 3536, 3540, 3547, 3550, 3559, 3563, 3565, 3603, 3623, 3627, 3637, 3647, 3660, 3661, 3710, 3731, 3740, 3742, 3745, 3754, 3792, 3836, 3875, 3872, 3898, 3553, 3650, 3730, 3405, 3432, 3549, 3685, 3537, 3672, 3727, 3577, 3426, 3687, 3467, 3624, 3693, 3652, 836, 844
56,3786, 3810, 3880, 3789, 3428, 3581, 3773, 3748, 3720, 3668, 3669, 3386, 3398, 3674, 3906, 3711, 3393, 3765, 3397, 3570, 3645, 3737, 3455, 681, 3574, 3583, 3876, 3545, 3733, 3806, 1050, 3612, 3716, 3456, 3796, 3482, 3531, 3527, 3469, 3780, 3552, 3895, 3572, 3833, 3441, 3611, 3646, 3700, 3598, 3517, 3894, 3384, 3463, 3492, 3468, 845
79,3471, 3591, 3632, 3676, 3519, 3641, 3694, 3827, 3390, 3870, 833, 3860, 3506, 3649, 3447, 3817, 3859, 3430, 3834, 3866, 3657, 3487, 3777, 3721, 3739, 3799, 3883, 3525, 3500, 3532, 3602, 3795, 3728, 3576, 3617, 3791, 3382, 3882, 3900, 3787, 749, 838, 3734, 3863, 3515, 3824, 3835, 3614, 3889, 3422, 3741, 3459, 3625, 3438, 3476, 791, 796, 3763, 3518, 3558, 3454, 3505, 1321, 1380, 3805, 3675, 3793, 3433, 3760, 3879, 3802, 3746, 3722, 3566, 3533, 3678, 3715, 3706, 3775
73,3475, 3610, 3862, 3451, 3653, 3514, 3633, 3414, 3844, 3851, 3852, 3580, 3440, 821, 859, 3596, 3819, 3546, 3642, 3439, 3448, 3907, 3761, 3695, 3404, 3840, 3785, 854, 856, 3571, 3904, 3651, 3520, 3772, 3437, 3867, 3395, 3839, 3704, 3481, 3561, 3584, 3595, 3618, 3499, 3643, 3648, 3712, 3869, 810, 779, 800, 660, 670, 696, 725, 777, 3756, 1521, 1570, 1594, 1693, 1752, 932, 1134, 1292, 3778, 3826, 3401, 3543, 3564, 3770, 3495
107,3607, 3719, 3759, 3843, 3418, 3822, 3474, 3803, 3394, 3901, 3910, 3413, 3551, 3407, 3696, 814, 816, 662, 692, 743, 753, 1545, 1760, 1538, 1626, 1820, 1823, 1111, 1251, 1326, 3542, 3589, 3908, 3842, 3396, 3450, 703, 731, 3457, 3768, 3829, 3497, 3411, 3689, 3837, 3782, 3425, 787, 802, 850, 727, 784, 795, 745, 788, 790, 803, 811, 822, 694, 739, 720, 825, 704, 3630, 1579, 1790, 890, 1266, 1322, 1429, 1718, 1753, 994, 1487, 1567, 1844, 1273, 1313, 1420, 1780, 1095, 1312, 1555, 1680, 1776, 1784, 1305, 1336, 1709, 1439, 1513, 1678, 1135, 1175, 1778, 931, 1337, 1391, 1416, 1489, 1589, 962, 1183, 1217, 3510, 3466
213,3732, 3640, 3726, 3812, 3654, 3511, 3690, 3512, 3490, 3909, 3857, 701, 700, 742, 666, 667, 674, 683, 690, 728, 760, 808, 697, 812, 718, 686, 1569, 1770, 968, 1824, 1858, 925, 1098, 1430, 1442, 1528, 1561, 948, 969, 982, 1087, 1125, 1137, 1300, 1359, 1546, 1664, 1833, 912, 1468, 1645, 1687, 1710, 1729, 1847, 1180, 1506, 1766, 1795, 1817, 911, 1041, 1146, 1232, 3620, 3667, 3800, 3470, 3615, 3864, 3757, 3709, 773, 747, 693, 676, 1550, 100, 1268, 1514, 1725, 1033, 1291, 1501, 1703, 958, 1172, 1204, 1498, 1510, 1566, 1574, 1516, 1482, 1692, 1560, 1646, 1600, 3729, 3452, 3496, 3408, 3764, 3387, 3885, 3691, 806, 691, 721, 678, 738, 705, 762, 668, 684, 1807, 1074, 1089, 1341, 1475, 1791, 1048, 1071, 1230, 1361, 1012, 1296, 1301, 1691, 1761, 1620, 989, 1358, 1369, 1479, 1499, 1518, 1619, 1043, 1191, 1320, 1768, 960, 1115, 1233, 1295, 1533, 1541, 1805, 1024, 1161, 1133, 1241, 1557, 1118, 1153, 1091, 1302, 1481, 1698, 1328, 1835, 1547, 1577, 1254, 1464, 1350, 1351, 1671, 1065, 1773, 1616, 1450, 1610, 873, 1491, 1842, 1160, 1211, 917, 945, 1014, 1039, 1143, 1748, 1512, 1622, 1609, 1625, 1659, 1802, 918, 1004, 886, 1144, 1147, 1290, 1757, 1789, 1013, 1005, 1249, 864, 1447, 1338, 1798, 1216, 1288, 1418, 1783, 1051, 1122, 3586
201,3821, 3485, 688, 786, 801, 729, 706, 669, 679, 775, 765, 1525, 1167, 1632, 1801, 1367, 993, 1707, 1767, 661, 780, 3888, 3877, 807, 673, 805, 794, 943, 991, 971, 1578, 964, 1494, 1049, 1722, 1252, 1376, 1576, 1812, 1021, 1040, 1674, 1746, 1349, 1409, 1443, 1750, 1830, 1407, 1554, 1580, 1142, 1394, 1088, 1775, 1199, 1601, 882, 897, 899, 1248, 1714, 1483, 1681, 1170, 1203, 1739, 1819, 892, 1756, 1284, 1426, 1642, 1669, 1711, 891, 1399, 3797, 3601, 726, 733, 754, 1694, 1575, 1417, 963, 1093, 1108, 1571, 468, 1529, 1250, 1460, 1799, 1331, 1515, 1397, 1476, 1675, 1731, 1081, 1348, 1444, 1158, 1056, 1246, 1297, 1640, 887, 1854, 763, 682, 714, 752, 1099, 563, 889, 930, 995, 999, 1029, 1035, 1042, 1058, 1079, 1112, 1119, 1121, 1126, 1190, 1210, 1213, 1255, 1259, 1294, 1347, 1357, 1424, 1446, 1465, 1474, 1490, 1587, 1596, 1613, 1634, 1742, 1765, 1787, 1809, 1861, 867, 1822, 1617, 1168, 1228, 947, 1263, 1157, 1565, 3592, 699, 689, 737, 751, 815, 757, 1867, 1362, 1145, 1856, 1421, 1478, 1304, 879, 1327, 3234, 1679, 1096, 1562, 1715, 2916, 2924, 973, 1052, 1410, 1497, 1019, 1044, 1732, 1080, 1821, 1034, 1519, 1583, 1244, 1774, 1637, 578, 3410, 3477
169,781, 770, 712, 1726, 1472, 1149, 1028, 3634, 3820, 3400, 823, 734, 828, 1010, 405, 866, 868, 870, 914, 937, 981, 984, 985, 1023, 1097, 1127, 1131, 1154, 1208, 1242, 1245, 1267, 1319, 1356, 1360, 1392, 1396, 1415, 1436, 1459, 1495, 1511, 1584, 1590, 1665, 1686, 1701, 1716, 1727, 1755, 1803, 1038, 1572, 1085, 1814, 1456, 933, 3575, 510, 1520, 1226, 1086, 1486, 1668, 1163, 938, 587, 1258, 1641, 1018, 1113, 1493, 1728, 1530, 1353, 1057, 1841, 1330, 1631, 707, 809, 1644, 1298, 956, 789, 3708, 3758, 3705, 339, 1808, 1736, 1853, 1178, 1865, 1788, 1365, 792, 799, 498, 627, 1045, 1649, 459, 1903, 1994, 2152, 2242, 2245, 128, 750, 632, 1171, 919, 1702, 927, 1073, 1738, 1000, 1534, 1813, 1308, 1385, 1306, 1592, 1677, 1339, 1635, 351, 913, 1279, 1387, 901, 1751, 883, 1438, 1695, 1615, 1666, 374, 1129, 1488, 1623, 1078, 1265, 617, 614, 875, 884, 793, 736, 772, 1432, 1017, 1219, 1764, 1431, 1484, 1016, 2762, 2774, 3205, 3288, 2702, 2732, 2898, 1166, 1524, 1092, 3714
290,741, 1782, 977, 1542, 885, 735, 1307, 1395, 478, 1502, 2008, 2024, 2036, 2042, 2072, 2103, 2372, 2389, 2415, 2602, 1425, 1662, 1026, 1060, 1573, 1636, 358, 501, 1132, 1441, 1215, 1403, 1264, 1408, 1466, 1860, 972, 1604, 1828, 1282, 1643, 1815, 1001, 1182, 1299, 1628, 1434, 1531, 1540, 940, 1009, 1025, 1196, 1507, 966, 1834, 895, 1603, 872, 1293, 1382, 1389, 1243, 1700, 1684, 1114, 1221, 1236, 1763, 1103, 1740, 1372, 1485, 1020, 1401, 1053, 1235, 1730, 746, 924, 1599, 880, 1866, 1762, 2626, 955, 2937, 3202, 1123, 1470, 1655, 852, 1075, 490, 1100, 1500, 1785, 1419, 1467, 1597, 946, 959, 1276, 1032, 1335, 1523, 1602, 1281, 467, 1404, 1591, 1586, 348, 1316, 1440, 1128, 1454, 1309, 923, 1492, 988, 404, 1310, 1449, 2635, 2644, 2649, 2650, 2711, 2728, 2730, 2779, 2780, 2799, 2825, 2834, 2847, 2853, 2884, 2896, 2908, 2914, 2919, 2933, 2945, 2985, 2989, 2994, 3000, 3034, 3038, 3040, 3060, 3085, 3088, 3090, 3096, 3098, 3107, 3132, 3148, 3163, 3206, 3218, 3247, 3248, 3250, 3285, 3293, 1370, 1816, 713, 385, 476, 549, 1811, 1413, 1094, 553, 477, 487, 1368, 1473, 515, 1504, 352, 381, 2009, 2066, 2498, 1868, 2186, 2283, 2289, 2476, 1900, 1987, 2200, 2226, 2098, 2104, 2124, 2304, 2442, 2561, 1966, 1982, 1988, 2028, 2089, 2108, 2542, 1984, 1995, 2169, 2178, 2201, 1983, 2093, 2129, 2138, 2237, 2589, 413, 949, 983, 1238, 546, 1173, 1840, 863, 1222, 1548, 1373, 1398, 1606, 1800, 1218, 1721, 1283, 1585, 1427, 1526, 421, 1508, 1077, 1747, 1837, 1318, 1461, 1277, 1850, 1829, 1422, 1656, 522, 1682, 1563, 1724, 1261, 1552, 1651, 380, 542, 1066, 1689, 1527, 976, 900, 1660, 1629, 1130, 1220, 1189, 2767, 3102, 2660, 3340, 2727, 2842, 3350, 3378, 2742, 3106, 3062, 3021, 2661, 1192, 986, 1509
452,766, 359, 1363, 1240, 1311, 1699, 1433, 1090, 996, 1006, 1334, 1827, 1863, 997, 1705, 1652, 1777, 979, 1343, 1708, 1414, 1851, 1332, 1453, 1556, 1688, 449, 509, 1532, 2646, 2657, 2665, 2667, 2710, 2756, 2784, 2836, 2860, 2869, 2965, 2976, 2979, 3001, 3069, 3080, 3109, 3116, 3125, 3138, 3144, 3180, 3210, 3244, 1564, 2771, 1278, 1737, 819, 417, 444, 504, 1124, 1346, 1437, 3310, 402, 1388, 497, 1070, 1184, 481, 511, 429, 455, 2297, 2347, 2463, 2586, 2080, 2096, 2153, 2221, 2422, 2547, 2249, 2508, 2539, 2544, 2149, 2196, 2235, 2460, 2558, 1535, 2162, 2218, 2423, 1618, 1455, 881, 1340, 1544, 1568, 1712, 954, 1068, 1152, 379, 397, 1838, 1406, 1084, 1253, 1386, 1151, 1257, 366, 1607, 653, 1110, 1463, 1260, 1428, 1638, 1832, 2733, 3309, 3279, 2668, 3115, 3151, 3235, 3240, 3299, 2611, 3118, 3143, 3199, 3297, 2669, 1234, 1648, 1063, 1195, 740, 1381, 1117, 383, 2027, 2116, 2203, 2236, 2247, 2321, 2417, 2488, 2506, 1958, 2003, 2057, 2286, 2532, 2566, 1897, 2447, 2518, 2577, 2591, 2278, 2598, 2272, 1911, 2082, 2398, 2404, 2565, 1998, 2222, 2325, 978, 1105, 376, 393, 529, 539, 654, 922, 1102, 1743, 1769, 1612, 1581, 909, 1188, 1786, 1818, 1593, 1120, 1797, 1352, 1849, 1064, 1072, 1836, 1141, 1247, 1002, 1186, 1027, 1206, 1539, 1140, 1723, 2713, 1059, 1857, 2823, 2831, 1477, 399, 488, 1605, 1741, 928, 980, 1553, 1582, 389, 416, 1193, 447, 548, 1366, 1704, 1324, 453, 471, 3203, 2760, 3014, 2959, 2939, 2950, 2813, 2849, 3292, 2835, 2845, 3063, 2643, 2814, 3280, 3176, 3245, 2666, 2722, 3330, 3129, 2628, 2703, 2815, 2888, 3201, 2625, 2629, 2704, 2731, 2749, 2876, 2891, 2615, 3018, 2754, 2931, 2820, 2859, 2687, 3083, 2858, 2613, 2857, 2852, 3168, 3295, 3179, 3232, 2777, 2982, 3017, 3022, 2748, 2863, 2892, 3120, 3164, 2816, 1289, 373, 528, 540, 544, 387, 423, 440, 1559, 340, 434, 458, 2146, 2413, 2291, 2373, 2449, 2484, 1904, 1870, 1909, 1954, 1956, 2014, 2029, 2047, 2064, 2087, 2092, 2099, 2113, 2120, 2144, 2145, 2150, 2156, 2160, 2192, 2197, 2238, 2255, 2260, 2281, 2308, 2309, 2313, 2473, 2533, 2537, 2555, 2569, 2573, 2583, 2587, 2605, 2494, 2163, 2387, 2452, 2097, 2220, 1926, 2088, 2578, 2195, 2318, 2110, 2522, 2257, 2296, 2300, 1896, 2592, 2280, 2298, 1920, 2426, 2501, 1915, 2369, 2142, 2352, 1910, 2337, 2010, 1901, 2246, 2268, 2204, 2248, 2135, 2208, 2021, 2554, 2106, 1877, 2340, 1943, 2056, 2317, 2126, 2594, 1928, 592, 1031, 1781, 907, 1342, 1377, 974, 382, 419, 1303, 1106, 1685, 898, 1549, 906, 1364, 1672, 903, 1061, 495, 507, 334, 1697, 1471, 1804, 361, 585, 445, 1046, 1150, 2740, 3023, 3229, 2616, 3355, 3311, 2953, 3128, 3276, 3157, 3184, 3341, 2719, 2955, 3183, 2811, 2885, 3224, 2686, 3064, 3196, 3007, 3133
493,1826, 1116, 2338, 2385, 2459, 2131, 2285, 2461, 2462, 2546, 1925, 1950, 2157, 2083, 893, 372, 475, 644, 347, 1383, 1374, 1744, 1793, 921, 1411, 934, 1772, 1062, 2621, 492, 424, 1462, 1663, 1735, 1274, 941, 1285, 1269, 1176, 1082, 1177, 1759, 1148, 1280, 394, 3057, 3281, 3197, 2746, 3271, 2745, 2801, 2696, 2854, 2977, 3011, 3181, 3306, 3044, 3065, 3307, 2699, 2764, 2798, 2940, 3047, 2922, 3361, 2735, 2873, 3331, 2647, 3101, 3265, 2934, 2675, 2838, 3036, 2612, 3041, 3290, 3291, 3294, 2623, 2880, 3225, 3160, 3200, 2708, 2747, 2839, 2909, 2980, 2707, 400, 508, 521, 491, 1317, 1271, 338, 415, 353, 436, 473, 904, 407, 344, 532, 2349, 2410, 1869, 1902, 1962, 1972, 2000, 2032, 2038, 2051, 2058, 2086, 2122, 2130, 2136, 2250, 2251, 2274, 2336, 2351, 2353, 2483, 2490, 2505, 2560, 2595, 2601, 2141, 2159, 2213, 2263, 2271, 1985, 2165, 2168, 2225, 2330, 2559, 2320, 1895, 1963, 2538, 2018, 2467, 2164, 1876, 2576, 2588, 1875, 1907, 1913, 2400, 953, 1047, 576, 343, 896, 1720, 612, 628, 970, 1174, 975, 2894, 3329, 3091, 3209, 3241, 3289, 3070, 3052, 3264, 2782, 3066, 3028, 2714, 3375, 2998, 2797, 552, 1037, 1825, 929, 484, 541, 650, 398, 2818, 2910, 2697, 3005, 3358, 3026, 2706, 2867, 3194, 3328, 2810, 2614, 3284, 2866, 2776, 3283, 3050, 2655, 401, 345, 350, 2899, 3123, 550, 472, 1272, 902, 377, 2521, 2552, 2065, 1888, 2275, 2177, 2424, 2405, 2090, 2391, 2557, 2548, 1855, 408, 538, 1187, 1536, 1207, 1007, 3313, 3191, 2734, 2772, 2829, 2662, 3246, 3169, 2682, 2651, 1937, 2430, 2495, 1872, 2232, 2013, 2022, 2324, 2063, 2322, 2510, 2132, 2342, 2370, 496, 603, 1713, 1083, 1843, 951, 888, 3263, 412, 480, 499, 573, 577, 1275, 1412, 1690, 526, 355, 465, 957, 537, 446, 3134, 3322, 3032, 3046, 2807, 3208, 2700, 3042, 2872, 2726, 2917, 3147, 3228, 2812, 2630, 3054, 3304, 3178, 2821, 2973, 3377, 2755, 2952, 3344, 2864, 3104, 3003, 2875, 3030, 2654, 3024, 3182, 2962, 2970, 2999, 3165, 3171, 3012, 3095, 3237, 2844, 2936, 2618, 2856, 3158, 3094, 2824, 2949, 2610, 2918, 2975, 3216, 3242, 3335, 3260, 2915, 2974, 2678, 2759, 2855, 657, 336, 479, 611, 1891, 1947, 1974, 2017, 2596, 2609, 2041, 2048, 2077, 2292, 2348, 2472, 2572, 2191, 2034, 2231, 2416, 2429, 2435, 2475, 2493, 2015, 2229, 2420, 2451, 2025, 2469, 2474, 2376, 2455, 2241, 2382, 2402, 2427, 1941, 2194, 2412, 2458, 2556, 2564, 2033, 2172, 2187, 2323, 2428, 2446, 1953, 2115, 2414, 2339, 2383, 2524, 2579, 1940, 2134, 2343, 2189, 2471, 2030, 2059, 1931, 2608, 1932, 2411, 2528, 2575, 1986, 1989, 2076, 2143, 1899, 2170, 2207, 2363, 2553, 2243, 2284, 2307, 2334, 2470, 2140, 2175, 2253, 2262, 2504, 2507, 2287, 2316, 2357, 2362, 2549, 2102, 2105, 2210, 1882, 1996, 2252, 2282, 2118, 1991, 1992, 2439, 1879, 2540, 2001, 2039, 2067, 2174, 2259, 2381, 2386, 2193, 2502, 1959, 2277, 2585, 2597, 2052, 2299, 2489, 1936, 1957, 2112, 357, 363, 414, 463, 534, 3037, 2862, 3130, 2993, 3136, 3356, 3221, 2921, 3058, 2964, 3272, 2789
338,505, 536, 1458, 865, 1831, 2943, 3025, 3056, 3033, 3141, 3274, 2788, 3372, 3343, 2712, 2981, 3207, 2691, 2903, 3086, 2971, 3174, 1621, 2889, 457, 2848, 3059, 390, 2332, 2223, 1673, 1624, 1469, 869, 1845, 3256, 3366, 2887, 3211, 2996, 2753, 2967, 3231, 2633, 3108, 2081, 2040, 2180, 2368, 2481, 2075, 2314, 648, 610, 1806, 1270, 1848, 568, 570, 582, 625, 636, 165, 418, 466, 470, 431, 2624, 3061, 3131, 3303, 2693, 2717, 2632, 2861, 2638, 3379, 2695, 2879, 2948, 2904, 3081, 2893, 3370, 2868, 2698, 2941, 2870, 3312, 3140, 2929, 2793, 3298, 2738, 2942, 2664, 530, 2378, 1951, 2582, 2443, 2179, 2109, 2043, 2045, 2127, 2224, 2329, 2497, 2511, 2543, 2580, 1898, 2094, 2031, 2541, 2079, 2095, 2198, 2305, 2399, 2525, 1885, 1939, 2139, 2523, 1942, 2205, 2214, 2419, 1873, 1927, 2233, 2512, 2550, 1918, 2011, 1924, 1997, 2119, 2154, 2301, 2477, 1921, 2002, 1945, 2016, 2167, 2345, 2346, 2361, 2574, 1922, 2551, 1881, 1961, 2053, 2166, 2393, 2431, 1955, 2590, 2487, 2279, 2567, 2371, 2453, 1981, 2188, 2114, 1960, 1929, 1595, 500, 341, 474, 435, 502, 503, 551, 395, 1197, 3122, 3300, 2620, 2670, 3146, 3153, 3082, 3111, 2636, 2804, 3360, 2794, 2954, 3114, 3347, 3204, 3296, 942, 335, 1448, 360, 3223, 2819, 3159, 3149, 3092, 3019, 3325, 3363, 2828, 2983, 2935, 3339, 3173, 2750, 1333, 595, 2071, 1999, 2457, 2276, 2500, 1874, 1894, 2070, 1949, 2327, 2440, 2450, 2562, 2603, 1914, 1990, 2503, 2019, 2212, 2073, 2211, 2293, 2396, 2266, 2359, 2183, 2312, 1976, 1993, 2006, 1884, 626, 593, 3119, 2944, 2656, 2817, 2752, 3243, 2912, 543, 3239, 3139, 2926, 2901, 2690, 3270, 3100, 3117, 3364, 1965, 2182, 367, 2729, 2721, 3185, 3315, 2739, 3257, 2227, 2604, 1919, 2367, 630, 1155, 565, 516, 3323, 3009, 2932, 2790, 2826, 2694, 2802, 3338, 3374, 2622, 2800, 2987, 3230, 3268, 1980, 2606, 1967, 2536, 2529, 2436, 2215, 2050, 2433, 2526, 2514, 2228, 2407, 2568, 2515, 2380, 2004, 1935, 2012, 2078, 2306, 2091, 1883, 1906, 2020, 2303, 2421, 2155, 2005, 2360, 2531, 2261, 2331, 1970, 531, 3220, 3354, 3214
118,1384, 3368, 2846, 2877, 3273, 2837, 2897, 3324, 3334, 2958, 442, 388, 2445, 2209, 2466, 2358, 2084, 1933, 2465, 2607, 2744, 2882, 3048, 3055, 2906, 3035, 3154, 2969, 2957, 2773, 3121, 3308, 2947, 3238, 2840, 908, 3177, 3142, 2468, 1977, 523, 2676, 2679, 2895, 2765, 3031, 3043, 2822, 2705, 2781, 411, 1978, 2256, 2344, 2240, 1938, 2356, 2485, 1916, 2264, 2044, 2046, 2388, 2290, 3078, 2972, 944, 3302, 3124, 2968, 3167, 3170, 3219, 2517, 1179, 2808, 3359, 2795, 2365, 2239, 597, 2692, 2724, 2736, 1968, 1887, 2147, 2593, 1973, 1975, 3286, 2631, 3327, 2743, 2751, 602, 607, 2374, 1886, 2988, 524, 2645, 2677, 3337, 3049, 640, 651, 659, 571, 649, 3317, 3099, 2978, 2216, 2496, 2202, 1934, 1379
53,588, 3282, 3336, 3016, 3321, 2785, 3015, 1889, 2074, 489, 3053, 2535, 2185, 2023, 2534, 454, 2775, 598, 586, 2441, 2571, 2403, 1890, 2007, 2319, 634, 3275, 2791, 2295, 2491, 3084, 558, 2806, 2401, 2720, 3266, 2406, 2599, 2769, 3013, 3254, 2121, 2270, 3004, 1139, 2069, 2454, 3187, 1952, 2673, 574, 583, 2267
34,1852, 3353, 1878, 2997, 3318, 2792, 3217, 2302, 2060, 3166, 1101, 2377, 2062, 2288, 579, 2639, 2123, 2761, 556, 2425, 3371, 2902, 3135, 2350, 2294, 2509, 2581, 635, 3236, 2171, 2841, 2683, 2448, 3314
22,629, 3345, 2672, 2778, 3287, 2963, 2269, 2437, 2333, 3192, 2600, 2273, 3110, 1892, 3278, 591, 594, 601, 2128, 1871, 609, 2709
16,2927, 3156, 3186, 3369, 561, 3067, 2230, 647, 562, 613, 2886, 1948, 2176, 2354, 633, 645
6,2658, 2397, 2341, 566, 2757, 623
2,2111, 638
1,2161
1,2085
1,2418
0,
0,
0,
0,
0,
