1,3381
21,3403, 3431, 3444, 3475, 3478, 3508, 3519, 3557, 3580, 3627, 3649, 3652, 3714, 3733, 3767, 3771, 3801, 3825, 3839, 3864, 3906
33,3384, 3412, 3435, 3449, 3492, 3522, 3525, 3536, 3582, 3594, 3614, 3624, 3662, 3699, 3756, 3832, 3841, 3849, 3859, 3886, 3896, 3904, 671, 3640, 3565, 3545, 3470, 3386, 3668, 3648, 3389, 3721, 3452
66,3396, 3417, 3430, 3459, 3473, 3485, 3490, 3530, 3555, 3584, 3585, 3586, 3632, 3692, 3704, 3742, 3763, 3788, 3806, 3845, 3862, 3874, 3884, 3891, 3602, 3574, 3504, 3898, 3673, 3531, 3410, 3569, 3476, 3719, 3643, 3819, 3870, 3448, 3620, 3829, 3677, 3840, 3487, 3456, 3467, 3642, 833, 3433, 3860, 3611, 3889, 3882, 3420, 681, 776, 795, 839, 847, 3796, 3537, 3773, 3863, 3728, 3785, 3694, 3814
94,3387, 3390, 3402, 3439, 3465, 3474, 3550, 3551, 3568, 3613, 3669, 3701, 3703, 3726, 3734, 3759, 3766, 3835, 3844, 3846, 3881, 3893, 3609, 3443, 3429, 3635, 3740, 3793, 3678, 3764, 3553, 3711, 3869, 3901, 3418, 3437, 1050, 3561, 3837, 3664, 3866, 3566, 3717, 3468, 3498, 3760, 3671, 686, 3391, 3491, 3552, 3549, 3873, 3650, 3880, 3501, 3612, 3484, 3489, 3768, 3685, 3558, 3765, 3900, 3598, 3787, 3861, 3800, 3563, 3510, 3695, 3466, 3398, 3810, 3761, 3833, 3509, 3736, 3581, 3505, 3518, 3454, 3805, 800, 666, 699, 753, 3791, 3413, 3702, 3834, 3442, 3720, 3408
104,3675, 3851, 3831, 3817, 3603, 3843, 3907, 3542, 3397, 3857, 3883, 3836, 3597, 3393, 3633, 3776, 3477, 3680, 3665, 718, 791, 832, 3570, 3645, 3727, 3406, 3562, 3527, 3803, 3638, 3424, 3723, 3482, 3392, 3455, 3445, 3596, 3660, 3535, 3517, 3534, 3401, 3651, 3653, 3672, 3894, 3422, 3499, 3610, 3777, 3903, 3758, 3899, 848, 682, 691, 701, 733, 3488, 3687, 3576, 3892, 3792, 3888, 3852, 3730, 3746, 3416, 3426, 3666, 3463, 3497, 3503, 3471, 3511, 3909, 1512, 1644, 3693, 3679, 3514, 760, 782, 789, 3838, 3601, 3867, 3494, 3905, 3674, 3540, 3382, 3875, 3546, 3453, 692, 714, 746, 777, 807, 727, 3427, 3872, 3604
88,3741, 3495, 3729, 3826, 3617, 3607, 3469, 3853, 3411, 720, 3538, 3571, 3583, 3460, 3780, 3842, 3483, 3811, 3681, 3879, 3591, 3623, 3646, 3451, 3824, 796, 678, 3876, 3713, 3786, 3797, 3590, 3795, 3772, 3828, 3425, 3407, 1099, 1321, 1496, 1763, 3804, 773, 679, 3748, 3657, 3441, 3421, 3631, 3848, 3890, 3428, 3802, 818, 697, 786, 704, 792, 793, 806, 825, 3877, 3637, 763, 668, 688, 3661, 3440, 3698, 829, 3564, 3716, 3700, 3813, 820, 732, 3432, 1613, 3578, 754, 781, 3515, 710, 814, 670, 743, 779, 660
87,3533, 3548, 3735, 3725, 3559, 3816, 3690, 3667, 3457, 3887, 3394, 3910, 770, 3544, 3528, 3520, 3754, 3856, 3770, 3798, 3778, 3500, 3512, 3710, 3616, 757, 802, 667, 674, 3404, 3731, 3587, 3757, 3749, 3751, 3506, 821, 747, 787, 724, 3659, 3529, 3794, 801, 3706, 3878, 3636, 3496, 3405, 1039, 1572, 819, 812, 765, 3854, 662, 669, 721, 725, 734, 1107, 867, 1525, 3739, 758, 676, 808, 803, 3654, 677, 3750, 2831, 745, 817, 712, 665, 683, 707, 709, 719, 739, 767, 788, 797, 811, 824, 828
66,3523, 3399, 3708, 3400, 3641, 3481, 3625, 3592, 3647, 3395, 3532, 3516, 3479, 3799, 708, 3577, 3436, 3447, 3707, 3595, 815, 3871, 3608, 3847, 1537, 3521, 799, 809, 3462, 737, 693, 775, 3458, 3554, 100, 1400, 3423, 3502, 3630, 768, 729, 749, 751, 3567, 3588, 3655, 3686, 3789, 826, 661, 673, 715, 1043, 1481, 1574, 1822, 998, 1289, 1760, 1298, 752, 664, 750, 675, 687, 740
119,695, 850, 3414, 766, 3705, 1136, 3434, 731, 3830, 3697, 3663, 3868, 3450, 3543, 3599, 3807, 780, 3691, 1381, 1654, 3513, 798, 3902, 717, 1623, 938, 728, 694, 748, 689, 794, 1750, 1801, 3738, 3047, 3222, 761, 711, 805, 698, 790, 3689, 3539, 871, 887, 929, 970, 976, 977, 987, 988, 1024, 1029, 1152, 1171, 1172, 1181, 1185, 1189, 1227, 1231, 1241, 1271, 1272, 1373, 1384, 1412, 1415, 1423, 1438, 1466, 1488, 1560, 1573, 1578, 1614, 1652, 1677, 1728, 1773, 1795, 1805, 1811, 1826, 1828, 1838, 1846, 1848, 1853, 3718, 843, 1252, 1338, 1353, 1619, 1703, 1748, 1799, 1541, 1557, 1854, 917, 982, 1014, 1071, 1089, 1675, 1698, 1807, 1146, 1248, 1331, 1336, 1569, 1514, 1470, 1397, 875, 685
267,3821, 742, 1676, 1550, 1330, 756, 684, 696, 706, 827, 700, 3715, 1049, 1135, 1337, 1425, 1013, 893, 2990, 3658, 899, 922, 932, 951, 962, 1009, 1010, 1021, 1036, 1079, 1082, 1085, 1148, 1159, 1167, 1230, 1243, 1253, 1256, 1268, 1308, 1345, 1354, 1365, 1376, 1380, 1383, 1394, 1417, 1418, 1476, 1483, 1530, 1532, 1538, 1547, 1653, 1666, 1697, 1722, 1753, 1782, 1818, 1834, 1843, 1641, 1088, 1183, 1204, 1233, 1297, 1817, 1844, 1579, 1642, 912, 971, 1044, 1594, 1842, 890, 925, 1228, 1250, 1468, 1546, 1662, 1015, 1865, 1042, 705, 1127, 2656, 931, 1518, 1687, 1691, 1770, 3078, 3151, 3325, 2661, 2691, 2730, 2742, 2937, 2955, 3035, 778, 911, 1266, 1740, 1198, 1319, 1727, 1108, 1239, 1254, 1350, 1567, 1784, 964, 1245, 953, 1735, 467, 1291, 1292, 1296, 1351, 1391, 1529, 1570, 1756, 945, 994, 1861, 1369, 1693, 1175, 1463, 1121, 1265, 1587, 1434, 1166, 1744, 1275, 903, 1672, 1068, 1422, 1638, 1220, 1624, 975, 1131, 1620, 1709, 1302, 1497, 1498, 1630, 361, 1065, 1416, 1442, 1475, 1720, 1823, 1040, 1080, 1313, 1694, 1757, 1118, 882, 1217, 1523, 1120, 1637, 1673, 510, 1387, 1559, 967, 1325, 1775, 1671, 1791, 886, 1359, 1447, 1450, 1561, 1714, 1142, 1153, 1290, 1710, 1798, 1348, 918, 873, 1341, 1510, 1625, 1472, 1513, 1626, 1571, 1640, 1761, 933, 1115, 1125, 1322, 1328, 1041, 1126, 1143, 1305, 1439, 1528, 1555, 1562, 1729, 1824, 1147, 1767, 1160, 1790, 1191, 1645, 1776, 1232, 1577, 1858, 1426, 1802, 1819, 2106, 2108, 2178, 2218, 2352, 1051, 1249, 1157, 1161, 1609, 1664, 1780, 1430, 924, 1168, 1246, 1554, 1752, 1144, 1216, 1444, 1489, 1803, 1165, 755, 762
387,1133, 3556, 1026, 853, 860, 501, 869, 870, 889, 891, 942, 961, 984, 995, 1025, 1028, 1058, 1067, 1075, 1076, 1132, 1141, 1150, 1196, 1208, 1279, 1301, 1306, 1395, 1406, 1455, 1519, 1527, 1533, 1553, 1563, 1608, 1651, 1670, 1692, 1723, 1730, 1779, 1783, 1796, 1820, 1833, 1847, 1852, 1669, 1778, 1057, 1111, 1284, 1370, 1393, 1053, 1244, 1598, 1542, 3189, 1103, 1288, 730, 1506, 1601, 1622, 1478, 1521, 1711, 3143, 3170, 2862, 2927, 163, 1860, 1581, 1713, 1656, 339, 1681, 1718, 1238, 1386, 1091, 1457, 1017, 1104, 1129, 1260, 1548, 1704, 1845, 1741, 1177, 1611, 1746, 1064, 1092, 1419, 1267, 1684, 914, 1565, 1800, 614, 1725, 877, 1849, 983, 1585, 1263, 1768, 946, 856, 947, 1081, 1137, 1420, 1170, 1494, 1576, 1674, 1835, 1304, 968, 969, 1707, 1251, 1163, 1792, 1901, 2010, 2036, 2042, 2236, 2442, 2538, 2592, 1580, 1610, 1678, 1737, 663, 1149, 885, 690, 2235, 2518, 2598, 978, 1259, 892, 1316, 1495, 1320, 1648, 1100, 1427, 1605, 1851, 1117, 587, 1045, 1273, 1739, 1827, 1276, 1032, 1192, 1816, 3177, 1095, 1211, 958, 1549, 940, 1020, 1005, 1409, 1134, 1602, 897, 1705, 413, 1212, 1368, 1683, 2613, 2681, 2744, 2800, 2804, 2852, 2875, 2893, 2904, 2951, 2954, 2972, 2980, 2984, 2986, 3006, 3010, 3011, 3020, 3033, 3048, 3064, 3073, 3108, 3137, 3173, 3194, 3197, 3201, 3233, 3252, 3283, 3292, 3331, 3342, 3362, 3366, 3373, 52, 1086, 1295, 1312, 989, 1180, 1203, 1361, 943, 1766, 1516, 1487, 1596, 1004, 1326, 991, 1371, 1479, 1379, 1436, 1679, 1814, 1140, 2912, 1199, 1731, 1429, 3098, 3265, 2811, 2668, 2939, 3028, 3242, 2729, 3096, 3240, 3291, 3204, 3149, 3378, 3043, 3157, 3191, 3297, 2610, 3062, 3304, 2849, 2662, 3196, 1762, 1769, 1001, 1072, 1738, 1281, 1357, 468, 1634, 1589, 1600, 1616, 1399, 1087, 1612, 1187, 476, 546, 941, 1066, 1128, 1222, 1366, 1663, 352, 380, 445, 1407, 1200, 1522, 960, 1856, 1122, 1006, 1035, 374, 879, 1114, 1340, 1859, 1063, 1061, 1526, 883, 1686, 1083, 1283, 1568, 1781, 1840, 1855, 1154, 1151, 1309, 1431, 1629, 905, 965, 1016, 404, 417, 434, 449, 471, 499, 511, 536, 1446, 1830, 1632, 1048, 1105, 1031, 1178, 359, 1389, 1615, 1646, 1491, 1362, 1019, 1358, 1098, 1300, 1501, 1443, 948, 864, 1872, 2082, 2138, 2246, 2072, 2297, 2449, 2453, 2460, 1966, 2286, 2347, 2009, 2410, 2495, 2088, 2118, 2285, 1631, 617, 1499, 1789
470,3820, 3438, 1062, 348, 549, 578, 1077, 1101, 1195, 1264, 1451, 1502, 1599, 1736, 1633, 3745, 3131, 3061, 2782, 2797, 2817, 3007, 764, 1375, 1482, 1403, 1372, 1197, 1236, 1392, 1836, 1540, 1765, 1033, 1680, 913, 351, 1069, 868, 880, 838, 1808, 1910, 2221, 2413, 1545, 771, 3809, 2021, 2124, 2146, 2149, 2304, 1074, 1531, 1186, 954, 1566, 1182, 1604, 863, 1193, 923, 1492, 876, 936, 979, 1235, 1618, 1110, 1176, 2967, 3350, 1534, 1593, 1582, 1772, 1310, 1471, 1460, 1813, 522, 1628, 1247, 2637, 2644, 2757, 2758, 2783, 2791, 2802, 2820, 2891, 2952, 2962, 2969, 2977, 2978, 2992, 3008, 3044, 3055, 3071, 3072, 3086, 3134, 3145, 3165, 3178, 3212, 3271, 3272, 3346, 3365, 1515, 1635, 1012, 1367, 1520, 1480, 1164, 1659, 2905, 1551, 3294, 2887, 3017, 3091, 3360, 2623, 2727, 3264, 3221, 3243, 3211, 3232, 2701, 2884, 3260, 3286, 3335, 3288, 3337, 2921, 907, 1206, 1356, 1809, 1588, 1349, 927, 484, 490, 491, 1261, 1360, 1504, 1639, 1804, 993, 1484, 1500, 1682, 1643, 1660, 1221, 1234, 1558, 1432, 1509, 1699, 919, 906, 1702, 1073, 1102, 627, 1449, 363, 424, 544, 937, 1056, 1841, 1701, 1274, 334, 415, 1747, 1751, 1657, 1456, 1093, 1867, 2195, 2204, 2565, 2578, 2280, 2373, 2470, 1994, 1998, 2098, 2255, 2291, 2338, 2542, 1895, 1896, 2152, 2467, 2083, 1034, 935, 1037, 1286, 1269, 1334, 1000, 959, 895, 1346, 1278, 1764, 1158, 1774, 956, 1155, 1464, 3275, 3339, 2965, 3053, 3066, 3082, 3200, 3241, 2813, 1445, 1027, 1404, 466, 1335, 1364, 1046, 908, 997, 1474, 1190, 1240, 1829, 1378, 966, 1255, 1485, 376, 1695, 1915, 2066, 2157, 2488, 2057, 2089, 1897, 2131, 2150, 2233, 2281, 2461, 2506, 2539, 1950, 2018, 2027, 2300, 1535, 2325, 2337, 2349, 2459, 2566, 1963, 2226, 2110, 2153, 2208, 1995, 2263, 1868, 2080, 2232, 2532, 1958, 2426, 2494, 2557, 1507, 928, 385, 416, 1060, 1606, 1398, 2641, 3023, 1408, 644, 2643, 2703, 2850, 3274, 3322, 2876, 2929, 2625, 2788, 2828, 3379, 3063, 2699, 2787, 3308, 3334, 2704, 3231, 2629, 2825, 3281, 2819, 2898, 3224, 3018, 3090, 3218, 2860, 2914, 3140, 2826, 3159, 2698, 2861, 2987, 3042, 3307, 2821, 2970, 2647, 2731, 2810, 3171, 3141, 258, 2762, 2985, 3209, 3279, 2885, 3142, 3070, 3183, 2736, 3340, 2621, 2657, 3184, 3295, 2614, 2669, 2781, 3106, 3125, 2665, 2702, 2801, 3235, 3118, 2824, 2918, 2957, 2982, 2998, 2672, 2996, 3059, 3100, 974, 1293, 358, 444, 400, 865, 1202, 1832, 1661, 542, 1226, 1174, 354, 1324, 934, 1690, 1862, 1414, 1462, 1342, 1441, 1070, 1388, 939, 1459, 366, 509, 583, 423, 393, 598, 459, 463, 481, 497, 620, 341, 388, 405, 508, 526, 1352, 1689, 1831, 972, 990, 2330, 2422, 2104, 1988, 2417, 2093, 2387, 2484, 1903, 2062, 2308, 2601, 1937, 2024, 2272, 2378, 2251, 1882, 1959, 2092, 2099, 2103, 2162, 2164, 2189, 2213, 2424, 2521, 2028, 2222, 2452, 2547, 1904, 2498, 2245, 2266, 2462, 1145
526,3057, 955, 1282, 769, 3130, 3329, 2975, 1583, 1503, 1139, 1270, 759, 1493, 3039, 1745, 1218, 1815, 1649, 1385, 1508, 1299, 2676, 2678, 2688, 2692, 2700, 2740, 2760, 2763, 2794, 2847, 2853, 2864, 2883, 2889, 2920, 2933, 2938, 2968, 2974, 2976, 3016, 3031, 3054, 3058, 3080, 3089, 3117, 3135, 3187, 3205, 3247, 3257, 3319, 3332, 3345, 3372, 3374, 1410, 1715, 1603, 2611, 2719, 2777, 3025, 3202, 3046, 3341, 3330, 2869, 2924, 1106, 1285, 1428, 1078, 543, 550, 563, 1343, 1473, 402, 874, 1307, 909, 950, 985, 1685, 1054, 1327, 1094, 419, 455, 472, 1396, 1318, 2129, 2135, 2144, 2420, 2351, 2372, 2404, 2200, 2415, 539, 1219, 1788, 1130, 920, 1257, 1797, 1109, 1084, 1592, 1837, 1655, 999, 1112, 3167, 1477, 3225, 3122, 2713, 2775, 1607, 1825, 1556, 1688, 1850, 1413, 930, 881, 621, 653, 1424, 480, 1595, 854, 1667, 2268, 2332, 2142, 2423, 2591, 2602, 2056, 1987, 128, 2391, 1926, 1984, 2065, 1888, 2370, 1734, 1294, 1339, 1793, 1636, 408, 1724, 1188, 3314, 3359, 2673, 541, 553, 643, 3001, 3176, 2868, 2711, 3268, 2618, 2687, 2615, 2666, 2838, 2694, 2784, 2931, 3120, 3371, 3323, 3002, 3123, 2679, 2966, 3009, 2873, 2894, 2842, 2768, 2628, 3088, 2776, 2917, 3095, 3216, 0, 1732, 2940, 3355, 3146, 3273, 3094, 3128, 3276, 2906, 3092, 3115, 3250, 2714, 3293, 3219, 2696, 3354, 3363, 900, 477, 498, 980, 373, 433, 464, 1743, 1461, 488, 387, 521, 529, 652, 345, 573, 420, 453, 957, 1411, 1544, 1242, 986, 1090, 530, 473, 440, 394, 1173, 2271, 2463, 2289, 2544, 2242, 2320, 2321, 2296, 2201, 2247, 2177, 2227, 2051, 2385, 2193, 1982, 353, 901, 2823, 1696, 1490, 1311, 1382, 2608, 1941, 2558, 2546, 1552, 2895, 1184, 425, 1786, 3208, 3230, 3182, 3024, 3306, 2854, 2908, 2934, 3210, 2845, 2909, 2993, 2807, 3051, 3310, 2720, 3313, 2667, 3169, 944, 2650, 3321, 2772, 2886, 3133, 2697, 2745, 3289, 2780, 1277, 1454, 1539, 503, 436, 403, 439, 421, 1467, 898, 457, 390, 391, 409, 410, 478, 537, 1876, 2265, 2031, 2116, 2359, 2369, 2517, 1875, 2013, 2258, 2090, 2240, 3150, 2732, 3164, 2899, 2953, 2624, 2880, 431, 532, 2197, 2175, 1911, 2278, 2482, 2561, 1927, 2058, 2120, 2139, 2211, 2361, 2376, 2507, 2572, 2163, 2096, 2447, 2008, 2298, 2380, 2382, 2389, 2490, 2564, 2573, 2059, 2109, 2145, 2165, 2398, 2430, 2023, 2194, 2238, 2054, 1873, 1879, 1889, 1917, 1923, 1996, 2019, 2071, 2078, 2143, 2156, 2223, 2239, 2244, 2315, 2328, 2394, 2397, 2421, 2439, 2455, 2483, 2485, 2486, 2491, 2519, 2528, 2533, 2549, 2553, 2575, 2577, 2581, 2582, 2587, 2597, 2180, 2525, 2550, 2579, 1899, 2170, 2287, 2307, 2339, 2414, 921, 372, 338, 389, 872, 2631, 3356, 2773, 2764, 2638, 2759, 2857, 3195, 2746, 3003, 2655, 2922, 3129, 2654, 2706, 2858, 3158, 2798, 3181, 2944, 2948, 2959, 2892, 3228, 3248, 3147, 2635, 3144, 2717, 2733, 2913, 3022, 3361, 2622, 3112, 2710, 3290, 3193, 2664, 2950, 3036, 3358, 2888, 2994, 2630, 3030, 2705, 2749, 3027, 3324, 3199, 2660, 3207, 3136, 2761, 3034, 2682, 3251, 3267, 2677, 1758, 406, 1440, 1742, 397, 379, 487, 538, 585, 399, 588, 447, 1207, 1920, 2087, 1877, 2469, 1878, 2040, 2353, 2476, 2003, 2559, 2207, 2301, 1902, 2161, 2186, 2311, 2324, 2392, 2605, 1916
466,859, 926, 1665, 2671, 2693, 2708, 2735, 2741, 2767, 2836, 2870, 2942, 2981, 2999, 3029, 3068, 3139, 3179, 3203, 3261, 3309, 1857, 3052, 3299, 774, 1047, 1590, 1452, 1002, 1575, 1839, 1586, 1591, 896, 1726, 1564, 446, 1205, 2169, 1749, 2473, 1007, 1280, 3126, 3081, 2726, 2814, 3343, 2881, 3152, 2707, 2756, 3328, 3148, 3223, 576, 1785, 507, 528, 443, 365, 949, 1863, 401, 540, 377, 592, 1806, 2248, 2480, 2552, 1668, 1721, 3263, 2686, 3347, 844, 1980, 1891, 1787, 1755, 2785, 360, 520, 3227, 2812, 2973, 2722, 2835, 2867, 3075, 3004, 3161, 2805, 2712, 3019, 3333, 3287, 2789, 548, 340, 606, 569, 355, 441, 479, 523, 547, 190, 1700, 2342, 2257, 1924, 2319, 2345, 2176, 3302, 1943, 1894, 2508, 2322, 2323, 2340, 2497, 2540, 1918, 1986, 2014, 2033, 2048, 2279, 2367, 2283, 1905, 1932, 1952, 1973, 1981, 2005, 2039, 2100, 2154, 2167, 2237, 2243, 2252, 2270, 2354, 2375, 2407, 2431, 2441, 2472, 2474, 2479, 2513, 2514, 2536, 2589, 2556, 2595, 1989, 2166, 2309, 1759, 2844, 3116, 3050, 2872, 2863, 2632, 2879, 2983, 3370, 2803, 2792, 2997, 2815, 3237, 3353, 2636, 3246, 2932, 3315, 2751, 519, 493, 534, 1448, 429, 622, 654, 2343, 2107, 2365, 2203, 2168, 2511, 2001, 2481, 1974, 2355, 2364, 2627, 3338, 3377, 2743, 3154, 3305, 2956, 3326, 2941, 3245, 2897, 2690, 3192, 3014, 2916, 2774, 504, 462, 518, 2346, 2436, 2471, 2568, 1919, 1953, 2043, 2105, 2183, 2284, 2586, 1708, 657, 412, 2584, 2022, 2548, 302, 2112, 17, 2728, 3015, 3166, 2915, 2755, 2859, 2680, 2877, 3065, 3364, 3256, 2903, 3238, 3119, 1, 22, 35, 48, 53, 55, 62, 87, 93, 96, 102, 108, 112, 154, 158, 164, 174, 184, 193, 200, 249, 283, 292, 293, 323, 329, 2779, 2963, 2796, 2830, 2964, 3190, 336, 382, 594, 427, 524, 465, 1985, 1930, 2225, 505, 1465, 2076, 2102, 2127, 2172, 2440, 2500, 2501, 2502, 2504, 2901, 3172, 3087, 3168, 3278, 2988, 494, 515, 1777, 2465, 1914, 1967, 2250, 3105, 2724, 3285, 2368, 2064, 2174, 2276, 2451, 2512, 2067, 2091, 2191, 2362, 2412, 2603, 2458, 2529, 2386, 2416, 1935, 2097, 1874, 1940, 2034, 2428, 1885, 2015, 2155, 2334, 2604, 1945, 2160, 2094, 2450, 2510, 2590, 2000, 2011, 1976, 2187, 2261, 1999, 2053, 2316, 2025, 2030, 2220, 2402, 2541, 2574, 1993, 2063, 2070, 2134, 2224, 2543, 2075, 2084, 2527, 2198, 2229, 2256, 2383, 2400, 1968, 2348, 2357, 2126, 2314, 2356, 1886, 2032, 2273, 1949, 2228, 2520, 2074, 1942, 2292, 2381, 2181, 2215, 2262, 2363, 2435, 2445, 1961, 2433, 2457, 2052, 2299, 2509, 2489, 2327, 1906, 2594, 2041, 2429, 2095, 2446, 2560, 2029, 2086, 2419, 1939, 2045, 3239, 3300, 2695, 2855, 2971, 2926, 2896, 3104, 3220, 3303, 3174, 2989, 3069, 2709, 3153, 3124, 3217, 3229, 1116, 513, 650, 407, 556, 557, 568, 610, 623, 1960, 2275, 2081, 2141, 2531, 2038, 2077, 2493, 2477, 2403, 2171, 2295
268,835, 1374, 1536, 1866, 1008, 722, 2651, 1377, 1733, 495, 3344, 3348, 2684, 1038, 2961, 2790, 347, 1113, 1717, 383, 2249, 370, 2829, 1055, 1332, 916, 1965, 1864, 3155, 3041, 2925, 2943, 3282, 2734, 2816, 884, 395, 492, 589, 1225, 1617, 357, 442, 531, 551, 2617, 2979, 2750, 1921, 2020, 1880, 1948, 1954, 1955, 2026, 2119, 2123, 2125, 2209, 2212, 2230, 2360, 2438, 2516, 2580, 2277, 2282, 2778, 3076, 2958, 3138, 2947, 2721, 3012, 2856, 2936, 3083, 2639, 316, 3160, 2752, 2793, 3206, 2818, 3317, 2848, 398, 482, 430, 642, 344, 2259, 2515, 2409, 2196, 1658, 1329, 1210, 2822, 3013, 2738, 3244, 2890, 1209, 295, 2554, 2840, 3114, 3109, 50, 64, 124, 129, 138, 146, 153, 155, 159, 170, 221, 260, 279, 314, 2949, 496, 527, 350, 458, 2017, 2085, 3060, 3311, 552, 2179, 2576, 2073, 2683, 475, 2293, 2329, 2443, 2523, 2305, 2399, 1922, 2012, 1909, 2260, 2303, 2555, 2253, 2344, 2371, 1881, 2551, 2188, 1936, 2264, 2411, 1929, 1956, 2046, 2079, 2454, 2128, 2571, 1970, 1908, 2935, 2865, 3032, 2675, 559, 567, 593, 595, 574, 1892, 2302, 1991, 2288, 2060, 1003, 2640, 2834, 3175, 1621, 502, 1928, 3259, 346, 349, 337, 2318, 2600, 2231, 2524, 2505, 2396, 2306, 2002, 2588, 2185, 1907, 1957, 2317, 2535, 3038, 3336, 2674, 489, 470, 2408, 1947, 2113, 2192, 2649, 2050, 2475, 311, 98, 2331, 1978, 97, 309, 2715, 3097, 3180, 332, 126, 162, 237, 321, 11, 195, 285, 25, 241, 91, 120, 47, 187, 207, 264, 3188, 506, 2312, 2503, 450, 1883, 2562, 2016, 1898, 2487, 2427, 2114, 1931, 2526, 2596, 2570, 2147, 2006, 3049, 2871, 579, 584, 2499, 2055
170,2718, 2841, 1458, 2928, 356, 904, 2569, 3113, 3132, 2069, 1971, 2234, 3185, 2839, 3375, 375, 435, 3103, 2612, 2771, 2642, 952, 1421, 2851, 1059, 3107, 1124, 608, 2137, 2616, 3074, 27, 66, 76, 89, 151, 171, 313, 325, 2753, 3045, 647, 343, 1870, 2111, 2866, 3102, 3296, 3270, 1992, 1933, 2585, 1913, 2401, 2448, 2049, 2182, 2393, 2007, 2670, 3380, 2799, 902, 586, 597, 619, 630, 656, 2567, 1964, 2037, 2326, 2044, 3000, 3312, 3939, 1887, 3327, 2648, 485, 2310, 2350, 1884, 2336, 603, 1871, 2652, 2827, 2806, 2902, 114, 266, 274, 111, 331, 161, 310, 213, 252, 286, 20, 181, 178, 290, 312, 61, 95, 320, 607, 381, 414, 2405, 2358, 2269, 2606, 2464, 2437, 1951, 2770, 3084, 602, 599, 1972, 1303, 1524, 1969, 1627, 525, 1944, 3318, 196, 212, 247, 28, 198, 9, 318, 7, 2609, 2115, 2496, 1983, 2101, 1890, 1934, 2202, 616, 635, 566, 570, 600, 1938, 1022, 2290, 110, 150, 307, 68, 254, 180, 220, 21, 228, 201, 319, 243, 255, 4, 2313, 2626
130,3269, 2747, 2991, 3093, 2, 23, 41, 58, 69, 106, 132, 141, 156, 202, 206, 218, 278, 281, 3186, 2645, 575, 1597, 1437, 2633, 1962, 2725, 2004, 1900, 1975, 2210, 2593, 3349, 367, 581, 636, 591, 2219, 1946, 2148, 2406, 2599, 2563, 2136, 726, 3121, 3258, 500, 2366, 2786, 596, 3110, 2619, 3253, 3262, 34, 203, 269, 142, 301, 12, 16, 75, 173, 36, 215, 658, 2809, 2388, 3236, 2047, 2241, 1990, 2537, 2121, 2254, 3079, 629, 2294, 2068, 1333, 454, 3277, 3156, 191, 265, 133, 3198, 2216, 649, 2341, 3213, 2205, 51, 227, 291, 192, 300, 71, 2910, 1893, 263, 83, 14, 2659, 562, 305, 134, 225, 115, 284, 39, 659, 580, 2190, 601, 297, 60, 78, 333, 609, 638, 605, 257, 328, 160, 304, 261, 211, 94, 188
59,3026, 744, 2945, 2607, 2425, 2384, 2214, 3368, 533, 189, 179, 282, 197, 43, 92, 2534, 2646, 611, 3021, 973, 894, 306, 3067, 2151, 612, 565, 640, 2267, 2456, 1979, 18, 239, 250, 262, 101, 2748, 384, 2846, 168, 56, 216, 639, 561, 634, 72, 13, 2634, 2716, 157, 136, 2199, 125, 560, 231, 77, 651, 558, 317, 172
38,1405, 176, 3266, 3280, 2882, 199, 80, 183, 315, 615, 24, 107, 299, 577, 224, 330, 1435, 326, 626, 604, 177, 70, 122, 182, 73, 15, 1912, 33, 327, 235, 204, 49, 121, 246, 289, 135, 214, 32
29,1179, 645, 3956, 240, 273, 26, 148, 2133, 3056, 67, 637, 42, 259, 572, 63, 38, 2274, 2658, 276, 238, 2035, 571, 85, 2960, 590, 79, 113, 287, 277
14,3367, 1997, 3, 613, 641, 3101, 186, 582, 57, 143, 655, 40, 981, 5
4,131, 19, 2907, 82
6,140, 109, 165, 3962, 272, 167
3,3921, 2930, 2837
3,256, 3934, 3255
2,3919, 217
3,44, 194, 267
1,3911
3,3916, 3920, 3923
1,3948
5,3913, 3925, 3944, 3946, 3950
1,3937
2,3927, 3942
3,3955, 3951, 3914
1,3945
2,3928, 3949
1,3912
2,3933, 3938
0,
1,3935
0,
0,
0,
0,
0,
