1,3381
33,3389, 3421, 3461, 3466, 3472, 3473, 3477, 3481, 3511, 3542, 3543, 3570, 3599, 3602, 3610, 3617, 3649, 3656, 3678, 3696, 3698, 3721, 3738, 3765, 3783, 3789, 3790, 3799, 3838, 3847, 3859, 3885, 3890
46,3385, 3430, 3464, 3486, 3493, 3498, 3508, 3573, 3626, 3657, 3677, 3682, 3708, 3729, 3731, 3813, 3814, 3819, 3829, 3846, 3520, 3410, 3429, 3620, 3901, 3719, 3770, 3775, 3565, 3774, 3487, 3706, 3908, 3418, 3902, 3519, 3596, 3631, 3632, 3749, 3759, 3536, 3630, 3432, 3863, 3824
62,3383, 3393, 3402, 3439, 3442, 3444, 3445, 3524, 3525, 3533, 3550, 3577, 3582, 3586, 3601, 3603, 3621, 3645, 3725, 3726, 3727, 3804, 3815, 3854, 3906, 3615, 3694, 3564, 3613, 3488, 3441, 3828, 3545, 3910, 3482, 3556, 3905, 3835, 3475, 3517, 3679, 3687, 3740, 3509, 3754, 3705, 3669, 3791, 3810, 3451, 3560, 3907, 3811, 3757, 3842, 3777, 3417, 3397, 3900, 3844, 3552, 3576
78,3858, 3634, 3758, 3768, 3879, 3531, 3540, 3382, 3574, 3606, 3463, 3407, 3580, 3590, 3623, 3627, 3637, 3640, 3569, 3870, 3537, 3484, 3491, 3839, 3664, 3881, 3746, 3880, 3438, 3739, 3883, 3448, 3661, 3499, 3527, 3875, 3413, 3443, 3470, 3518, 3502, 3672, 3460, 3736, 3878, 3403, 3437, 3514, 3395, 3806, 3903, 3848, 3864, 3898, 3528, 3745, 3761, 3840, 3776, 3456, 3544, 3667, 3673, 3771, 3598, 3707, 3398, 3404, 3604, 3469, 3786, 3793, 3780, 3549, 3762, 3386, 3384, 3773
67,3753, 3415, 3480, 3803, 3532, 3394, 3857, 3584, 3730, 3440, 3567, 3614, 3894, 3422, 3763, 3660, 3668, 3693, 3845, 3436, 3563, 3867, 3647, 3566, 3787, 3722, 3760, 3734, 3401, 3558, 3802, 3772, 3390, 3882, 3607, 3612, 3642, 3833, 3766, 3467, 3546, 3416, 3654, 3876, 3633, 3624, 3559, 3450, 3458, 3522, 3675, 3825, 3392, 3581, 3674, 3716, 3503, 3697, 833, 3583, 3454, 3767, 3834, 3453, 3427, 3433, 3873
47,3713, 3572, 3800, 3778, 3856, 3850, 3889, 3521, 3701, 3643, 3534, 3817, 3426, 3893, 3428, 3510, 3795, 3468, 3816, 3681, 3505, 3447, 3495, 3652, 3568, 3459, 829, 1050, 3904, 3689, 3832, 3699, 3851, 3591, 3585, 3807, 3587, 3589, 3405, 3434, 3541, 3497, 3553, 3492, 3396, 3554, 3501
36,3752, 3822, 3539, 3710, 3751, 3535, 3872, 3387, 3801, 3435, 3658, 3646, 3651, 3408, 3605, 3500, 3638, 3597, 3700, 3755, 3411, 3641, 3471, 3653, 3399, 3496, 3805, 3490, 3449, 3836, 3513, 3506, 3785, 3852, 3868, 3625
19,3483, 3515, 3489, 3764, 3877, 3462, 3562, 3685, 3709, 3860, 3512, 3526, 1822, 3711, 3424, 3465, 3676, 3843, 3869
16,3595, 100, 3575, 3485, 3523, 3608, 3714, 3841, 3406, 3571, 3896, 3420, 1099, 1140, 3452, 3695
75,3888, 3414, 3555, 3665, 3648, 1598, 3831, 405, 467, 891, 914, 918, 941, 947, 950, 957, 965, 974, 1006, 1016, 1055, 1083, 1118, 1123, 1124, 1159, 1184, 1231, 1232, 1233, 1264, 1284, 1295, 1302, 1325, 1344, 1346, 1357, 1391, 1426, 1461, 1469, 1471, 1486, 1503, 1517, 1524, 1533, 1549, 1560, 1563, 1578, 1587, 1595, 1607, 1613, 1683, 1684, 1702, 1737, 1741, 1763, 1770, 1777, 1783, 1789, 1793, 1799, 1815, 1820, 1828, 3636, 3899, 546, 888
177,3704, 3629, 876, 912, 945, 956, 971, 1008, 1015, 1023, 1029, 1048, 1146, 1171, 1183, 1199, 1241, 1305, 1339, 1356, 1396, 1423, 1424, 1432, 1525, 1538, 1551, 1571, 1604, 1608, 1710, 1750, 1818, 3792, 3853, 1782, 875, 1421, 3635, 417, 615, 1066, 1318, 1319, 1743, 1837, 339, 1500, 1081, 1163, 1447, 1577, 1005, 1043, 1161, 939, 1120, 1084, 1220, 1267, 1431, 1466, 1638, 1696, 1166, 1422, 1331, 1409, 1824, 1051, 1089, 1477, 1788, 1329, 977, 1350, 1417, 1761, 1330, 1579, 1642, 1147, 1689, 1513, 1521, 1619, 1847, 1313, 1565, 1328, 1622, 1640, 1691, 1039, 1499, 1407, 1497, 1522, 1626, 1773, 1780, 1844, 1861, 886, 1028, 1071, 1137, 1157, 1170, 1671, 1726, 1086, 1266, 1740, 468, 1736, 1866, 896, 904, 1178, 1154, 1190, 1757, 1144, 1468, 587, 1310, 1646, 1693, 1835, 1191, 1263, 1369, 1416, 1479, 1510, 1150, 1187, 1488, 1673, 863, 1192, 975, 3110, 938, 1288, 1470, 1455, 1257, 1774, 1412, 998, 1801, 879, 1172, 1204, 1348, 1353, 1292, 1562, 948, 1246, 1478, 932, 994, 1349, 1798, 578, 1592, 1290, 1450, 1532, 1644, 406, 491, 515, 527
373,501, 510, 864, 887, 897, 921, 929, 934, 952, 989, 1009, 1012, 1020, 1044, 1061, 1072, 1078, 1104, 1125, 1129, 1134, 1139, 1145, 1151, 1165, 1205, 1219, 1230, 1281, 1306, 1345, 1408, 1482, 1492, 1502, 1567, 1597, 1614, 1637, 1645, 1665, 1680, 1699, 1716, 1754, 1755, 1766, 1775, 1776, 1804, 1857, 1859, 3830, 1545, 1379, 1278, 1436, 3504, 497, 540, 550, 990, 1110, 1117, 1222, 1343, 1800, 397, 449, 962, 1322, 1351, 1489, 1332, 1507, 1526, 1064, 1342, 1593, 1705, 1121, 1234, 1419, 1531, 1548, 1528, 1767, 1087, 1518, 1649, 1291, 1439, 1570, 1698, 924, 1273, 1561, 1594, 1687, 1108, 1338, 1380, 1722, 1359, 1546, 1203, 1490, 1692, 1856, 958, 1475, 1600, 1795, 1661, 1686, 1751, 1617, 1747, 1631, 1021, 1779, 1394, 1556, 1700, 1456, 1092, 1632, 1718, 1838, 1616, 1725, 1823, 1842, 1413, 909, 959, 1073, 1271, 1068, 3207, 1550, 1014, 1446, 1243, 911, 1362, 1249, 1605, 1098, 1529, 1580, 1791, 1001, 3720, 387, 420, 469, 982, 1095, 1756, 1126, 1516, 1506, 1790, 1088, 1576, 1312, 1376, 1601, 1111, 1293, 927, 931, 1498, 937, 1153, 1040, 1143, 1294, 1769, 1834, 1105, 1255, 1062, 1817, 1430, 1013, 1672, 1047, 1218, 890, 1057, 1714, 1527, 1536, 935, 498, 511, 525, 529, 348, 401, 1285, 1602, 1634, 361, 522, 1188, 1242, 1270, 1386, 1434, 1454, 1474, 1618, 617, 1033, 466, 504, 544, 901, 883, 1272, 1160, 1254, 1358, 1703, 1784, 960, 1024, 1049, 1074, 1034, 1501, 1748, 917, 1300, 1664, 899, 1283, 1383, 1509, 1534, 979, 1375, 976, 1660, 1624, 1727, 905, 1236, 1070, 1463, 1448, 1829, 907, 1032, 954, 1253, 1805, 1093, 1142, 1196, 1389, 1476, 1574, 614, 925, 1041, 1669, 1713, 1481, 1519, 1808, 991, 1709, 1301, 1678, 922, 985, 997, 969, 1019, 1217, 1296, 1371, 1625, 1228, 1337, 1530, 1566, 873, 1180, 1251, 1076, 1091, 1554, 1620, 1858, 1053, 1250, 1569, 1615, 968, 1175, 1491, 1694, 1252, 1418, 1547, 1667, 1297, 993, 906, 542, 1697, 413, 1227, 1385, 881, 980, 1031, 1122, 1168, 1336, 1739, 966, 1404, 1449, 1656, 1724, 421, 351, 1541, 882, 1515, 1609, 1729, 1753, 1707, 1735, 919, 1152, 1182, 1813, 1553, 1677, 1282, 1655, 1289, 1504, 1853, 1814, 1320, 1167, 1248, 1494, 1429, 1326, 1443, 1583, 1115, 651, 423, 1807, 389, 358, 416, 444, 411, 484, 553, 382
262,1760, 508, 1198, 1495, 1523, 1568, 363, 393, 399, 457, 1082, 1558, 1851, 868, 1037, 1591, 1682, 889, 1079, 1745, 1679, 1395, 1451, 1397, 1119, 374, 1542, 892, 549, 1540, 2831, 3043, 1235, 2693, 1002, 1017, 1206, 1467, 1384, 1612, 869, 621, 359, 427, 488, 920, 1065, 1555, 1261, 1848, 1100, 1414, 884, 1485, 1809, 627, 1572, 1135, 1496, 435, 1850, 1588, 1628, 1045, 385, 455, 1681, 1176, 936, 1441, 1484, 1459, 1269, 1785, 1778, 1816, 1056, 1216, 1520, 1173, 1262, 1575, 1708, 1768, 1752, 1731, 1133, 964, 1674, 1444, 1833, 1764, 1202, 463, 1238, 1596, 1695, 1004, 1367, 1711, 1197, 1035, 1388, 1666, 1058, 1352, 1438, 1512, 1149, 1428, 1393, 1208, 1327, 1194, 1648, 340, 479, 538, 551, 439, 334, 496, 1174, 1701, 1179, 933, 1738, 1723, 1855, 1675, 1244, 1849, 1177, 1452, 1453, 955, 894, 1749, 507, 424, 436, 476, 481, 1544, 1360, 1411, 983, 1277, 563, 1819, 1341, 1744, 903, 984, 1787, 1025, 1308, 1106, 1141, 1830, 1854, 943, 1420, 1239, 1059, 1663, 1442, 1085, 1685, 1688, 1652, 1131, 2634, 2793, 1841, 1060, 1366, 1539, 1610, 398, 477, 380, 534, 1211, 1406, 1109, 1746, 1472, 1259, 1398, 1797, 1207, 1514, 372, 377, 353, 528, 373, 429, 509, 487, 1826, 1473, 434, 440, 465, 1734, 1781, 865, 1334, 1063, 1364, 490, 1309, 1483, 1589, 1457, 1840, 1311, 1097, 1581, 1860, 1102, 1221, 1046, 1373, 1340, 1557, 653, 1094, 1080, 916, 1128, 1552, 885, 1535, 1728, 472, 419, 376, 1582, 1630, 1304, 526, 408, 459, 1114, 1276, 1480, 893, 536, 404, 499, 532, 572, 347, 456, 592, 355, 442, 461, 494
171,3412, 995, 1508, 940, 3892, 1077, 1224, 1392, 1299, 1186, 1027, 1827, 1365, 1487, 1298, 1226, 1668, 1401, 1792, 880, 930, 1662, 1000, 1865, 639, 1573, 1720, 345, 480, 1132, 1623, 1585, 1400, 1690, 913, 1090, 926, 1286, 898, 530, 1368, 543, 519, 445, 928, 1839, 1229, 3223, 3349, 400, 1758, 1657, 1274, 1212, 1639, 1268, 370, 583, 395, 495, 569, 953, 1606, 949, 986, 972, 573, 1260, 1796, 1209, 1629, 1806, 1462, 1732, 1802, 1654, 1158, 412, 1437, 1335, 1387, 657, 379, 1112, 539, 360, 505, 1316, 650, 574, 577, 588, 598, 613, 622, 634, 1427, 1586, 1836, 1007, 443, 1641, 3047, 2721, 354, 506, 552, 1279, 1832, 1440, 944, 1627, 1321, 1381, 1265, 407, 362, 516, 521, 531, 30, 1786, 946, 1240, 2036, 2129, 2278, 2297, 2592, 1127, 1193, 870, 2889, 415, 352, 394, 336, 453, 1324, 1317, 878, 1559, 2840, 2657, 2665, 1460, 1831, 1635, 1370, 478, 585, 403, 520, 338, 895, 1803, 942, 1994, 2108, 2153, 2201, 2248, 2285, 2351, 2370, 2389, 2404, 2460, 1868, 486, 388
236,431, 1621, 1275, 1464, 1116, 3662, 1148, 1280, 1247, 1399, 1390, 1643, 1599, 2614, 2667, 2905, 3150, 1863, 402, 1181, 1862, 1651, 383, 576, 1867, 341, 458, 1676, 447, 557, 580, 601, 620, 629, 655, 502, 365, 2762, 3123, 3021, 3200, 915, 430, 1189, 961, 1825, 392, 337, 409, 452, 513, 1987, 2010, 2099, 2296, 1026, 3305, 410, 1378, 2082, 2087, 2157, 2236, 2246, 2308, 2470, 2542, 568, 595, 381, 3310, 350, 1493, 2957, 3342, 1107, 591, 594, 602, 604, 561, 566, 630, 654, 659, 556, 612, 2642, 2647, 2649, 2684, 2688, 2710, 2726, 2733, 2748, 2767, 2788, 2879, 2919, 2930, 2940, 2965, 2966, 2983, 3009, 3042, 3118, 3130, 3169, 3170, 3182, 3188, 3192, 3233, 3288, 3290, 3297, 3328, 3335, 3348, 3380, 3078, 3197, 3209, 3350, 2661, 2727, 3293, 470, 414, 357, 454, 2195, 2200, 2330, 2338, 2602, 1958, 1995, 2021, 2131, 2272, 2289, 2498, 2539, 2565, 2304, 2093, 2080, 2197, 2066, 2149, 2268, 2300, 512, 3100, 3022, 2745, 2993, 3235, 446, 541, 2325, 2517, 2544, 2559, 2422, 2169, 2352, 2423, 2449, 1966, 2104, 2242, 2321, 2447, 1982, 2138, 2415, 2042, 2204, 2452, 2281, 2489, 2589, 2283, 2426, 2547, 2566, 2193, 2255, 2142, 2347, 2177, 2206, 2368, 2410, 1899, 1905, 1921, 1931, 1962, 1969, 1975, 2014, 2049, 2059, 2086, 2106, 2121, 2127, 2148, 2161, 2183, 2235, 2247, 2284, 2314, 2320, 2323, 2392, 2407, 2433, 2442, 2443, 2444, 2454, 2461, 2462, 2468, 2486, 2499, 2530, 474, 473
406,471, 599, 637, 644, 1721, 3273, 3286, 3309, 3313, 1010, 1307, 1303, 1425, 2775, 1772, 432, 448, 503, 518, 523, 1843, 2140, 128, 1633, 2899, 3131, 2772, 537, 366, 500, 1245, 1963, 2008, 2056, 2218, 475, 642, 562, 1355, 1659, 1704, 533, 635, 586, 597, 649, 623, 923, 2623, 2662, 2723, 2732, 2738, 2778, 2785, 2796, 2799, 2825, 2844, 2898, 2904, 2911, 2917, 2924, 2946, 2970, 3005, 3006, 3041, 3055, 3070, 3105, 3122, 3141, 3151, 3159, 3181, 3198, 3216, 3277, 3334, 3339, 3367, 3086, 3341, 2736, 2985, 3018, 3240, 3355, 2697, 607, 367, 165, 2057, 2090, 2146, 2150, 2430, 1882, 1988, 2028, 2398, 2088, 2319, 2405, 1915, 2065, 1911, 2413, 535, 524, 2998, 2852, 3218, 2226, 2337, 2557, 1903, 2233, 2003, 2098, 2578, 2024, 2453, 1984, 2424, 1895, 2083, 2493, 2208, 1951, 1897, 2291, 2484, 2494, 2546, 2144, 2373, 1985, 2051, 1875, 1883, 1918, 1919, 1956, 1983, 2015, 2029, 2044, 2055, 2122, 2123, 2136, 2175, 2198, 2259, 2318, 2333, 2353, 2355, 2356, 2363, 2378, 2429, 2478, 2483, 2529, 2583, 2595, 1511, 2627, 2709, 2953, 2624, 2947, 3028, 3270, 2849, 3027, 3199, 2968, 346, 567, 610, 590, 626, 1715, 3359, 3208, 547, 2072, 1926, 2286, 2538, 1910, 3222, 2598, 1876, 2009, 2221, 2135, 2245, 2558, 1888, 1998, 1904, 624, 570, 2707, 2975, 3329, 2660, 600, 559, 609, 571, 2731, 2875, 3331, 2845, 2864, 2936, 3019, 2704, 3353, 2643, 3370, 2705, 2735, 2877, 3191, 3291, 2782, 3281, 2639, 3112, 3114, 3129, 2994, 2884, 3091, 2797, 2829, 3128, 3196, 3204, 3289, 3333, 3368, 3299, 3092, 3260, 3263, 3366, 2869, 2982, 2810, 3066, 3146, 2622, 2887, 2673, 2880, 2742, 2937, 3148, 3330, 2842, 2886, 3057, 3224, 2349, 2280, 1925, 1901, 2414, 2518, 2263, 2359, 2431, 2027, 2130, 2265, 2372, 2124, 1943, 1959, 1896, 2103, 2232, 2412, 2451, 2568, 1939, 1976, 1999, 2041, 3108, 3177, 2686, 3363, 3243, 3295, 3378, 2610, 2137, 2180, 2480, 2287, 1941, 2418, 2467, 1920, 2552, 1872, 2089, 2214, 2298, 2506, 2459, 2522, 1869, 2110, 2591, 2116, 1947, 2388, 2156, 2152, 2601, 2463, 2018, 1989, 2002, 2058, 2067, 2078, 2109, 2361, 2436, 2471, 1874, 2128, 2202, 1936, 2450, 2260, 2293, 2309, 2564, 1927, 1986, 2095, 2155, 2228, 2253, 2416, 2472, 2525, 2553, 2573, 2212, 2264, 2306, 2322, 2501, 2511, 2030, 2063, 2187, 2231, 2383, 2457, 1949, 2143, 2132, 2495, 2540, 2543, 2043, 2261, 2324, 1916, 2151, 2185, 2435, 2515, 2536, 1902, 2001, 2076, 2166, 2580, 2556, 1909, 2420, 2488, 2222, 2603, 2047, 2064, 2145, 2189, 2234, 2068
452,1372, 492, 1410, 1771, 1162, 2617, 2944, 596, 2651, 2712, 2741, 2771, 2863, 2867, 2883, 2894, 3011, 3013, 3050, 3094, 3121, 3183, 3201, 3220, 3238, 3294, 3303, 2730, 1590, 575, 2249, 1879, 2275, 2391, 2586, 2031, 2118, 3015, 343, 2611, 2013, 1884, 1890, 1929, 1935, 1971, 2050, 2054, 2062, 2107, 2216, 2225, 2262, 2336, 2341, 2445, 2510, 2534, 3202, 3252, 1821, 652, 584, 3117, 2774, 2882, 3180, 493, 2343, 2548, 2277, 2311, 2417, 3323, 2677, 3016, 3152, 3278, 3008, 2678, 3063, 3095, 2740, 3375, 3203, 2815, 2857, 2914, 3165, 3000, 2830, 2701, 2812, 2933, 2632, 2759, 2925, 3149, 3242, 2801, 3143, 3284, 2792, 3308, 3176, 3283, 2749, 3024, 3276, 3007, 3211, 2995, 2816, 2950, 3231, 3379, 2822, 2974, 2977, 3304, 2668, 3239, 2901, 3306, 3248, 3274, 3340, 2777, 2817, 2813, 3048, 3061, 3115, 3035, 3279, 2616, 2238, 2469, 2163, 2220, 2340, 2334, 2339, 2473, 2079, 2178, 2213, 2282, 2955, 3325, 2906, 2967, 2387, 2203, 2092, 2196, 2531, 1950, 2257, 2588, 1907, 2411, 1914, 1960, 2168, 2532, 1961, 1996, 2243, 2256, 2327, 2500, 2560, 2114, 1932, 1922, 2523, 1940, 2020, 2105, 2170, 2224, 2490, 1894, 2077, 2134, 2174, 2329, 2528, 2550, 2045, 2120, 2326, 2427, 2579, 2038, 2512, 2191, 2276, 2439, 2474, 2100, 2446, 2025, 2091, 2507, 2019, 2345, 2440, 2379, 2465, 2669, 2874, 148, 2521, 2533, 3049, 2818, 3106, 2959, 2194, 593, 641, 3137, 2949, 2846, 2685, 3307, 2699, 2706, 3031, 2987, 2703, 2893, 3044, 3322, 2921, 2859, 3133, 2802, 2734, 2811, 3300, 2714, 3256, 2826, 3062, 2999, 3338, 2618, 2814, 3134, 3164, 2885, 2969, 3324, 3246, 3096, 3347, 2862, 2871, 3264, 640, 1937, 2096, 3116, 2912, 3090, 2691, 2645, 2186, 2081, 2165, 2239, 2267, 2425, 2476, 1979, 1887, 2240, 1917, 2048, 2119, 2344, 2348, 2421, 2299, 2535, 2497, 2381, 2012, 2606, 1928, 2179, 2317, 2053, 2164, 2386, 2033, 2112, 2585, 1891, 2290, 1980, 2292, 1873, 2399, 1993, 2016, 2577, 2061, 2419, 2504, 2154, 2167, 2139, 2400, 2596, 2266, 2505, 1885, 2000, 2305, 2160, 2229, 2362, 2739, 3004, 3271, 3052, 3153, 3285, 560, 2679, 384, 2227, 1877, 2791, 2663, 2962, 2888, 3361, 2861, 2980, 2835, 3012, 2800, 2858, 2973, 3065, 3377, 2638, 2853, 2892, 3109, 3140, 2628, 2654, 2952, 3173, 2776, 2613, 2694, 2630, 2635, 2724, 3138, 2625, 2655, 3317, 3221, 2789, 2746, 3232, 2664, 2713, 2854, 2702, 2896, 3059, 3168, 2903, 3017, 3025, 2070, 2491, 2366, 2587, 2279, 2312, 2252, 2572, 2574, 2357, 2458, 2514, 1881, 2604, 3023, 3184, 3229, 3356, 2939, 3365, 2621, 1908, 2301, 2551, 1942, 2097, 2182, 2241, 2567, 1992, 1967, 2594, 2237, 2575, 2017, 2382, 2211, 2502, 2541, 2549, 2367, 2376, 1934, 1968, 2395, 2360, 2316, 2172, 2034, 2455, 2207, 2496, 2023, 2244, 2346, 2487, 2094, 2371, 1953, 2428, 2477, 2111, 2380, 2073, 2126, 2188, 2402, 2526
220,3097, 2781, 344, 608, 3185, 3362, 349, 2508, 2481, 2004, 2590, 558, 616, 2751, 2764, 2838, 2819, 2934, 2698, 3001, 2692, 3311, 2717, 2948, 3125, 3265, 3136, 3098, 2687, 2876, 3237, 2918, 2071, 2039, 2964, 3032, 2823, 3219, 2332, 1974, 2519, 2176, 2307, 1946, 1991, 2069, 2576, 2396, 2350, 2408, 2199, 638, 3272, 369, 0, 17, 3076, 3292, 2615, 2891, 3171, 3343, 3205, 2690, 3036, 2908, 3157, 2780, 2708, 2760, 2958, 2783, 2907, 2700, 2794, 2981, 2711, 2881, 2913, 2035, 1972, 2555, 2215, 1957, 2524, 1945, 2520, 2537, 2270, 3033, 2626, 2979, 3132, 390, 1955, 2866, 2890, 3120, 3003, 2828, 2666, 3069, 3104, 3060, 2942, 3332, 2836, 2770, 3046, 2963, 3360, 2972, 3053, 3040, 2895, 2988, 2728, 2729, 2040, 2102, 2209, 2190, 1938, 2006, 1970, 1924, 2503, 2011, 2219, 3039, 3268, 2872, 2941, 2873, 3101, 2996, 3259, 2369, 489, 2932, 2358, 1964, 2101, 2868, 3247, 2855, 3081, 3068, 3030, 3075, 3187, 3241, 3054, 3228, 3045, 2804, 2821, 2784, 2990, 3217, 2860, 2922, 3144, 3214, 2790, 2441, 2848, 2569, 2331, 2210, 2593, 2364, 180, 3315, 2646, 3088, 3158, 3147, 2695, 2909, 2856, 3230, 2978, 3261, 3190, 2159, 2117, 1889, 1900, 2141, 2448, 2254, 2342, 1981, 2052, 2147, 1954, 1870, 1898, 2084, 1978, 2597, 3257, 645, 2761, 2629, 3083, 2798, 2971, 3178, 3082, 2670, 2910, 3056, 2271, 2406, 2250, 2582, 1933, 2294
122,3111, 112, 3064, 603, 1405, 2719, 2720, 2824, 2820, 2722, 2650, 2992, 3250, 2827, 3253, 2943, 2806, 3206, 2584, 2022, 2162, 2607, 1913, 2482, 1977, 3167, 2834, 3119, 3029, 636, 3194, 2989, 2755, 2986, 3275, 2752, 2803, 3179, 2125, 2456, 2561, 2365, 1965, 2037, 2393, 2385, 3156, 2758, 2768, 2223, 2075, 579, 3034, 2915, 3344, 3038, 2633, 2682, 2928, 2779, 2288, 2571, 114, 3189, 565, 2674, 3139, 3236, 3318, 2656, 2377, 2527, 2005, 2562, 2394, 2074, 2181, 2743, 3026, 3364, 2916, 3354, 2608, 2303, 2085, 2938, 2680, 2769, 2310, 2192, 6, 26, 88, 89, 101, 115, 143, 186, 218, 240, 248, 306, 311, 314, 27, 34, 35, 161, 195, 202, 225, 312, 3175, 2563, 1912, 1878, 2961, 2464, 3245, 50, 2115, 2865
72,2839, 2554, 3302, 2516, 2113, 1948, 3051, 3058, 2671, 3193, 2315, 1892, 2513, 3135, 582, 3155, 2935, 3358, 2676, 2807, 2609, 3099, 3084, 605, 3103, 7, 47, 156, 159, 188, 236, 239, 241, 257, 266, 153, 3244, 2926, 3014, 2046, 2750, 3287, 2026, 2753, 2401, 309, 2605, 2612, 2600, 3327, 2397, 2786, 270, 189, 103, 326, 23, 203, 291, 77, 66, 305, 61, 192, 254, 1871, 1944, 68, 96, 97, 211, 302
63,514, 3174, 2, 24, 85, 137, 163, 258, 292, 3213, 2920, 2273, 2295, 2485, 3269, 3255, 2837, 3321, 3107, 581, 2637, 3124, 1906, 2205, 318, 9, 32, 87, 288, 45, 160, 63, 98, 25, 21, 274, 49, 102, 300, 134, 327, 1973, 3166, 2744, 237, 86, 60, 321, 91, 111, 124, 164, 56, 22, 253, 325, 319, 235, 228, 227, 2466, 260, 330
59,2956, 3262, 2897, 52, 3072, 3074, 2032, 1930, 2644, 2599, 221, 1893, 82, 196, 131, 208, 295, 269, 261, 5, 1, 278, 290, 11, 2313, 2923, 2902, 3336, 2683, 81, 138, 106, 122, 2718, 110, 120, 296, 307, 80, 246, 3, 133, 316, 299, 73, 1997, 3225, 13, 109, 178, 162, 150, 177, 310, 298, 328, 8, 33, 140
47,249, 72, 126, 2659, 78, 199, 213, 39, 75, 2675, 136, 172, 1258, 2581, 3326, 2648, 3258, 2652, 94, 238, 243, 289, 220, 284, 250, 301, 323, 42, 212, 125, 2619, 3227, 3254, 2354, 191, 176, 139, 286, 59, 3372, 3085, 142, 279, 141, 255, 57, 193
17,1155, 1347, 127, 19, 181, 93, 15, 322, 273, 51, 215, 107, 332, 231, 44, 179, 20
14,2951, 324, 119, 331, 118, 217, 263, 185, 14, 317, 297, 201, 108, 251
6,247, 76, 277, 272, 28, 36
3,206, 209, 104
2,204, 313
2,58, 329
0,
2,132, 16
2,12, 320
0,
0,
0,
0,
0,
