1,3381
24,3403, 3419, 3448, 3480, 3487, 3526, 3603, 3608, 3621, 3623, 3642, 3666, 3677, 3679, 3723, 3767, 3774, 3778, 3791, 3843, 3861, 3879, 3882, 833
43,3392, 3402, 3406, 3427, 3434, 3456, 3476, 3572, 3586, 3590, 3619, 3643, 3676, 3745, 3762, 3811, 3816, 3847, 3852, 3859, 3881, 3893, 3896, 1050, 3510, 3534, 3768, 3681, 3545, 3727, 3765, 3773, 3824, 3469, 3581, 3833, 3537, 3552, 3591, 3857, 3492, 3574, 3734
63,3630, 3650, 3901, 3483, 3394, 3491, 3470, 3632, 3683, 3787, 3877, 3430, 3517, 3500, 3575, 3863, 3624, 3627, 3846, 3836, 3401, 3488, 3900, 3689, 3719, 3756, 3558, 3421, 3635, 3417, 1062, 1140, 1370, 3437, 3789, 3802, 3842, 3905, 3653, 3793, 3398, 3416, 3422, 3454, 3759, 3546, 3576, 3786, 3810, 3870, 3544, 3633, 3736, 3612, 3519, 3657, 3803, 3725, 3693, 3817, 3883, 3584, 3559
74,3880, 3382, 3543, 3411, 3898, 3460, 3675, 3589, 3564, 3465, 3796, 3871, 3391, 3903, 3408, 3471, 3522, 3458, 3504, 1289, 3555, 3730, 3731, 3754, 3907, 3511, 3509, 3536, 3669, 3503, 3423, 3692, 3395, 3835, 3620, 3764, 3467, 3484, 3435, 3596, 3518, 3433, 3637, 3687, 3436, 3499, 3740, 3607, 3869, 3561, 3452, 3413, 3514, 3617, 3819, 3438, 3521, 3660, 3523, 3769, 1053, 3490, 3813, 3839, 3721, 3513, 3806, 3527, 3875, 3404, 3393, 3876, 3587, 3672
52,3506, 3761, 3829, 3439, 3478, 3501, 3566, 3665, 3860, 3610, 3658, 3890, 3873, 3763, 3777, 3748, 3550, 3674, 3387, 3410, 3542, 3611, 3828, 1321, 3746, 3524, 3699, 3698, 3766, 3583, 3776, 3445, 3894, 3462, 3722, 3525, 3482, 3571, 3554, 3580, 3441, 3757, 3515, 3874, 3780, 3902, 3729, 3651, 3553, 3489, 3702, 3384
20,3598, 3453, 3714, 3904, 3400, 3705, 3668, 3496, 3821, 3838, 3733, 3614, 3622, 3647, 3443, 3712, 875, 3700, 3697, 3685
13,3405, 3691, 3602, 3814, 1165, 3505, 3412, 3717, 3701, 3486, 3885, 1268, 3892
6,3533, 3569, 1393, 1572, 100, 3420
53,3432, 1803, 3690, 3397, 1470, 3899, 3910, 510, 871, 931, 947, 955, 1005, 1021, 1063, 1082, 1095, 1119, 1132, 1143, 1148, 1184, 1207, 1232, 1233, 1234, 1277, 1333, 1344, 1380, 1401, 1424, 1441, 1477, 1492, 1503, 1513, 1519, 1570, 1586, 1624, 1639, 1655, 1689, 1699, 1745, 1773, 1787, 1839, 1847, 1848, 1863, 1641
186,351, 617, 870, 885, 906, 907, 918, 942, 950, 999, 1011, 1016, 1027, 1070, 1102, 1116, 1122, 1138, 1149, 1175, 1247, 1264, 1267, 1301, 1304, 1331, 1366, 1376, 1378, 1390, 1420, 1442, 1448, 1511, 1512, 1528, 1563, 1609, 1637, 1640, 1661, 1667, 1691, 1697, 1755, 1761, 1762, 1791, 1798, 1825, 1838, 1852, 3473, 1151, 1431, 3673, 3678, 1099, 1286, 549, 587, 1573, 1725, 383, 1263, 1481, 1622, 1746, 994, 1172, 1561, 1620, 1493, 1417, 882, 1128, 1222, 1605, 1160, 1312, 1562, 911, 982, 1048, 922, 997, 1326, 1541, 1664, 1707, 1757, 868, 1299, 1567, 1125, 1521, 1844, 925, 1216, 1462, 1827, 1589, 1674, 912, 1266, 1015, 1652, 1751, 1279, 976, 1566, 1833, 958, 1081, 1350, 1298, 1718, 1752, 1768, 1823, 1108, 1338, 1430, 1483, 1518, 1324, 1673, 1438, 1763, 1804, 919, 934, 1552, 920, 1044, 1115, 1199, 1538, 1756, 991, 1631, 1087, 1228, 2632, 2637, 2651, 2685, 2689, 2719, 2746, 2752, 2755, 2760, 2772, 2786, 2823, 2826, 2837, 2840, 2857, 2871, 2921, 2934, 2969, 2992, 3061, 3071, 3076, 3080, 3083, 3093, 3112, 3121, 3154, 3183, 3213, 3214, 3217, 3224, 3247, 3257, 3287, 3306, 3348, 3351, 3376
358,1635, 1638, 3770, 3652, 1782, 1226, 1478, 1817, 397, 477, 1147, 1391, 1475, 1693, 1359, 1416, 1217, 1291, 1362, 1241, 1206, 1467, 1850, 1294, 1498, 1703, 1777, 1813, 972, 1506, 1568, 1738, 1090, 1211, 1328, 1546, 1642, 1687, 1792, 1392, 1461, 1283, 1414, 1788, 1497, 1753, 1795, 1802, 899, 1198, 1236, 1262, 1526, 1690, 1332, 1671, 1144, 1161, 1305, 1447, 1468, 1578, 1709, 1111, 1327, 1083, 1031, 1769, 1159, 1619, 889, 938, 1167, 1230, 1482, 1427, 983, 1686, 2610, 2618, 2635, 2697, 2727, 2734, 2749, 2800, 2807, 2813, 2849, 2879, 2887, 2891, 2922, 2940, 2962, 2976, 2985, 2986, 2988, 2991, 3041, 3064, 3149, 3164, 3169, 3205, 3235, 3251, 3254, 3280, 3285, 3318, 3333, 3361, 1464, 523, 1743, 1046, 1708, 1284, 1679, 1006, 965, 1543, 1114, 1121, 1186, 1832, 1142, 1529, 1645, 1698, 1766, 1858, 1033, 1397, 1748, 1024, 1238, 1849, 1170, 1432, 896, 1784, 1842, 1450, 1487, 1557, 1577, 1728, 1086, 1554, 962, 1181, 1454, 1548, 1599, 1537, 867, 1594, 1126, 1273, 1320, 1835, 1395, 1579, 1721, 1612, 1805, 1596, 1474, 1735, 1153, 1203, 1041, 1348, 1739, 1555, 614, 1591, 914, 1269, 3667, 1107, 355, 358, 363, 528, 1145, 1335, 1780, 1856, 1098, 1183, 1351, 393, 511, 1290, 1560, 1616, 1137, 1353, 1729, 1783, 1118, 1135, 1250, 1576, 1292, 1530, 1600, 1043, 1307, 1429, 1446, 1358, 1489, 1004, 1065, 1071, 1369, 1626, 1074, 1476, 3189, 1669, 1088, 1824, 1540, 863, 1190, 1322, 1569, 1820, 1168, 932, 1750, 1790, 891, 1245, 1829, 1051, 1574, 1251, 1146, 1300, 1409, 1426, 943, 1580, 1204, 1239, 1336, 1678, 1013, 1444, 1510, 1248, 1341, 1349, 1767, 971, 1407, 1252, 898, 985, 1243, 1254, 1491, 1646, 1089, 864, 1077, 1582, 936, 1208, 1508, 1428, 1500, 1705, 1807, 917, 1019, 916, 1091, 1681, 1683, 886, 1472, 1565, 1714, 1515, 1547, 1295, 1296, 1302, 993, 1516, 928, 953, 1196, 1276, 1066, 1419, 1785, 1781, 1242, 1501, 1680, 1571, 1601, 2958, 2983, 3150, 2885, 3025, 2796, 3200, 3324, 2838, 2875, 3358, 2726, 3246, 2742, 3108, 3001, 3129, 3158, 3343, 3370, 2626, 2729, 2812, 2876, 2888, 3017, 3062, 3115, 3096, 3130, 3288, 3059, 3023, 3264, 2993, 2623, 2691, 2939, 3344, 3079, 3341, 2712, 2914, 2989, 2886, 2835, 3044
424,444, 1406, 927, 1274, 1396, 385, 413, 607, 1280, 1412, 1744, 1595, 865, 1187, 1272, 1527, 1854, 1439, 1819, 1192, 1484, 1587, 1607, 1182, 960, 1330, 1789, 1425, 989, 1672, 974, 1657, 1837, 1610, 1625, 468, 1630, 1061, 1808, 1163, 1180, 1860, 880, 1740, 1220, 627, 1319, 1495, 416, 424, 644, 1701, 1634, 1724, 339, 1045, 1141, 1337, 542, 1246, 1770, 467, 1072, 1339, 897, 1076, 1025, 1032, 1218, 1434, 1632, 1710, 1775, 887, 1080, 1443, 1271, 1313, 1093, 1731, 890, 1583, 1343, 1606, 1040, 1692, 1801, 1400, 1542, 1559, 1617, 1131, 1581, 873, 968, 1191, 1654, 1134, 1797, 1585, 946, 1822, 1285, 964, 924, 969, 1460, 3069, 3377, 2628, 3032, 3134, 3086, 2639, 2852, 3007, 2758, 3022, 3125, 2652, 2724, 2793, 2859, 3036, 3050, 2698, 2814, 3066, 3078, 2669, 2782, 2952, 2703, 2798, 3196, 2680, 3002, 3291, 2801, 3052, 3239, 3325, 2730, 2777, 2898, 2918, 3146, 3191, 2825, 2981, 3192, 2916, 3065, 1627, 374, 1084, 3738, 3645, 893, 1676, 419, 541, 592, 543, 463, 1227, 1776, 1778, 945, 948, 1056, 1297, 1539, 979, 957, 1166, 1188, 1618, 1677, 1308, 1205, 1796, 1014, 1057, 1694, 1494, 1593, 1306, 1509, 986, 1303, 1157, 348, 563, 1590, 909, 1244, 1100, 1452, 883, 1413, 1660, 1666, 1094, 1253, 1711, 1120, 1389, 2636, 3092, 3003, 3054, 3095, 3053, 3070, 3106, 2817, 3193, 2858, 2975, 3027, 2750, 2765, 2998, 3304, 3355, 2696, 2705, 2996, 2970, 3173, 3230, 2776, 2855, 2863, 3283, 2893, 2999, 3237, 2821, 2754, 2897, 3148, 3350, 3207, 2686, 3123, 2679, 3160, 3231, 3347, 3297, 3366, 2702, 3047, 3221, 3232, 3303, 2624, 2722, 2815, 2828, 2908, 2942, 3030, 3104, 3111, 926, 973, 1421, 513, 1334, 1388, 1597, 1316, 1463, 1035, 1007, 1656, 879, 954, 984, 1068, 1178, 1866, 1499, 1456, 2771, 1042, 956, 959, 1828, 1092, 1422, 1000, 1012, 1722, 1799, 652, 380, 1055, 1260, 1742, 975, 3795, 3854, 415, 417, 440, 526, 572, 352, 650, 1747, 1028, 1034, 1249, 394, 522, 457, 1365, 1158, 1479, 1496, 933, 1357, 1830, 937, 1009, 1240, 1311, 1364, 1544, 1361, 1855, 1079, 892, 1176, 1293, 1628, 163, 881, 1385, 1466, 1210, 1347, 1096, 1675, 1553, 1342, 1534, 1831, 1270, 1859, 1110, 1398, 1356, 2829, 3159, 2791, 2819, 2880, 2617, 3039, 2868, 2925, 2948, 2977, 3331, 2690, 2856, 2710, 3171, 3307, 2613, 2736, 2884, 2906, 3018, 3049, 2950, 3090, 2622, 2731, 2915, 2615, 2708, 2788, 3338, 2919, 3363, 2665, 2864, 2892, 3151, 3209, 3211, 3241, 2957, 3276, 3295, 3043, 3322, 2732, 2789, 3136, 3240, 3271, 3037, 3177, 3305, 2728, 3028, 3116, 3378, 3005, 3274, 3335, 2797, 3178, 3289, 3088, 2704, 2873
315,3540, 497, 509, 402, 884, 1109, 1793, 1177, 1531, 1373, 1408, 1352, 1064, 1471, 1455, 1193, 1649, 1851, 923, 1265, 1073, 1112, 1575, 2706, 2822, 2794, 2811, 2668, 2860, 3194, 2699, 2718, 3360, 3176, 3328, 2953, 3128, 3275, 3281, 2745, 2785, 2965, 3184, 2707, 2966, 2947, 3156, 2638, 2959, 3353, 1386, 1219, 1592, 940, 1367, 1173, 1017, 1049, 1684, 2674, 1644, 1818, 1154, 1346, 1602, 977, 1764, 3463, 459, 398, 334, 449, 476, 1556, 404, 1039, 1282, 578, 1047, 1726, 1200, 895, 1255, 1720, 1105, 1368, 1387, 1375, 1002, 1037, 1288, 3329, 1800, 1383, 1152, 3332, 1715, 2824, 3337, 3362, 2664, 3203, 3174, 3182, 2655, 2666, 2806, 3082, 3157, 3294, 3199, 2795, 2913, 2949, 2861, 2643, 2654, 2764, 3245, 3084, 3243, 2661, 2714, 2867, 2929, 2733, 3048, 3170, 3098, 3118, 2955, 3265, 3242, 3152, 3354, 3311, 2937, 3296, 2967, 2735, 2904, 2743, 3292, 447, 504, 341, 400, 427, 361, 629, 583, 1704, 1615, 1325, 1106, 1459, 1488, 1418, 1915, 2083, 2153, 2518, 1133, 1603, 495, 1486, 1862, 1696, 1224, 901, 487, 490, 491, 411, 359, 1504, 471, 524, 1758, 657, 408, 445, 478, 501, 1360, 399, 1507, 1001, 1867, 1309, 1549, 1381, 1525, 2759, 3019, 3313, 2804, 2869, 3293, 2659, 3262, 3131, 2630, 2853, 2941, 2974, 3334, 2917, 2987, 3374, 3100, 3260, 3024, 2936, 2971, 2973, 3187, 2647, 3140, 3143, 3202, 2740, 2982, 2839, 2933, 2678, 3124, 2792, 2715, 534, 3577, 345, 1275, 1643, 481, 1085, 1281, 1221, 1097, 1189, 2961, 3144, 2810, 2774, 3141, 3113, 3114, 3317, 3279, 2901, 2820, 3228, 2687, 2905, 2903, 3290, 3310, 3356, 2761, 3091, 3197, 2935, 3063, 3075, 2877, 3244, 1613, 450, 1706, 1727, 1717, 904, 1317, 1700, 1029, 2642, 1127, 902, 1372, 525, 403, 1834, 360, 1853, 1437, 2235, 2480, 1648, 3309, 3339, 2684, 2676, 2990, 2854, 2844, 2881, 3042, 2862, 3300, 3323, 2818, 3181, 3268, 2927, 2717, 2899, 3216, 3340, 2744, 3033, 2711, 3219, 3299, 2662, 3012
245,507, 529, 588, 978, 656, 586, 595, 596, 872, 1404, 2009, 2103, 2201, 2242, 2268, 2286, 2291, 2304, 2461, 1604, 484, 1759, 903, 1318, 569, 1532, 1588, 930, 421, 520, 521, 544, 1611, 1310, 1473, 1723, 373, 377, 472, 499, 1261, 1651, 1659, 1865, 1857, 3060, 2894, 3015, 3206, 2994, 2784, 3165, 3011, 3120, 2932, 3051, 3330, 2677, 2842, 3046, 3321, 2692, 441, 3495, 3428, 553, 1558, 1741, 632, 498, 1123, 1022, 1411, 1197, 1713, 2625, 3190, 3284, 2781, 1623, 2611, 3218, 2980, 3081, 3238, 3308, 3379, 3013, 3035, 3286, 2614, 2672, 2612, 2911, 1772, 1257, 1702, 1451, 980, 567, 353, 939, 3531, 536, 508, 475, 429, 1371, 915, 963, 913, 1155, 58, 905, 1872, 2140, 2281, 2283, 2321, 1535, 1815, 2790, 3302, 2695, 3364, 3166, 2779, 3380, 2896, 2964, 3056, 3204, 2633, 3057, 3058, 3368, 3016, 3248, 2845, 3661, 585, 376, 1340, 1685, 1104, 2872, 2629, 2926, 3201, 3094, 2866, 3132, 3706, 3715, 519, 347, 371, 418, 422, 437, 464, 465, 479, 494, 512, 514, 555, 401, 425, 1067, 1171, 1485, 970, 2621, 2995, 2657, 388, 532, 546, 372, 474, 602, 2104, 2116, 2129, 2218, 2373, 2417, 1911, 2118, 2142, 2157, 2484, 1897, 2003, 2031, 2297, 2337, 2442, 2546, 1896, 2057, 2010, 2146, 2246, 379, 423, 1078, 515, 505, 550, 1719, 622, 648, 1480, 1662, 3045, 3085, 2644, 2756, 439, 2816, 2660, 2979, 2808, 2656, 3346, 2889, 2848, 2701, 3208, 488, 1215, 2263, 2266, 2272, 2372, 2460, 2552, 2024, 2206, 2481, 1868, 2924, 3233
248,3654, 455, 1840, 869, 1174, 2688, 2667, 3029, 1536, 3785, 430, 335, 354, 434, 448, 190, 500, 987, 2762, 3272, 2673, 2778, 390, 431, 611, 346, 1937, 2065, 2087, 2325, 2245, 1903, 2232, 2422, 2423, 2488, 2028, 1950, 2036, 2289, 1864, 1023, 1030, 480, 496, 1117, 613, 620, 628, 649, 1774, 3026, 3315, 3175, 3021, 2768, 470, 1384, 1150, 3102, 2968, 2944, 3365, 2713, 1059, 1225, 2280, 2343, 2467, 1963, 2093, 2178, 2204, 2646, 3259, 2802, 3198, 3223, 3135, 3122, 387, 615, 653, 1670, 2013, 2415, 2601, 2547, 2089, 2098, 2099, 2106, 1984, 2300, 1941, 1966, 1985, 2169, 2420, 2236, 2538, 1988, 573, 1730, 405, 2909, 1564, 3256, 3167, 2738, 433, 206, 2352, 2495, 2347, 2380, 2449, 2255, 2303, 2389, 1910, 2066, 2088, 2247, 3119, 3809, 646, 2836, 340, 344, 382, 414, 492, 1806, 1809, 1682, 538, 381, 533, 392, 651, 2557, 2565, 2320, 2370, 2452, 2351, 1879, 2602, 1901, 2138, 2176, 2462, 2498, 2532, 1904, 2149, 2008, 2090, 2398, 1994, 2183, 2253, 2259, 2261, 2285, 2287, 2322, 2348, 2426, 2446, 2493, 2523, 2042, 2092, 2108, 2148, 2332, 2561, 2591, 2566, 2056, 2152, 2175, 2222, 2487, 128, 2203, 2150, 2195, 2072, 2296, 3009, 3180, 2491, 1997, 2185, 2542, 2586, 1958, 2080, 2275, 2082, 2131, 2298, 2338, 2459, 1875, 1892, 1894, 1927, 1969, 1972, 1980, 2002, 2006, 2037, 2048, 2052, 2078, 2084, 2085, 2122, 2134, 2158, 2160, 2172, 2182, 2210, 2225, 2274, 2293, 2330, 2342, 2394, 2404, 2411, 2438, 2439, 2445, 2483, 2503, 2524, 2567, 2570, 2579, 2593, 2650
292,442, 407, 584, 603, 2410, 2506, 2387, 1982, 2359, 2369, 2378, 2578, 1888, 2208, 2349, 2368, 2164, 2227, 1882, 503, 1636, 462, 389, 598, 1379, 1436, 2775, 3222, 3225, 3319, 2721, 3072, 3327, 2675, 2799, 3800, 436, 2278, 2248, 2413, 2616, 3168, 2720, 3138, 3369, 3570, 3386, 1663, 530, 466, 531, 410, 412, 2226, 2592, 1895, 1959, 2531, 2544, 2027, 2135, 2447, 2453, 2193, 2229, 2307, 2316, 2334, 2416, 2560, 2124, 2144, 2356, 2454, 1979, 2221, 2494, 1876, 1502, 3372, 2890, 545, 2355, 2375, 2396, 2605, 2217, 1929, 2189, 2200, 2345, 2430, 2319, 2539, 1884, 1917, 1920, 1923, 2000, 2001, 2014, 2097, 2111, 2155, 2205, 2252, 2260, 2333, 2405, 2409, 2433, 2478, 2490, 2536, 2549, 2603, 3266, 366, 420, 384, 453, 461, 3278, 3314, 2233, 2391, 2470, 1967, 2213, 1814, 579, 566, 619, 645, 2177, 2910, 2424, 2521, 2412, 2421, 2450, 1922, 2011, 2033, 2041, 2053, 2174, 2228, 2284, 2016, 2025, 2127, 2166, 2191, 2323, 2383, 2529, 2572, 2500, 2573, 1945, 2012, 2095, 2109, 2194, 2207, 2282, 1987, 2018, 2627, 2598, 2004, 2463, 2526, 2070, 2110, 2468, 336, 540, 2165, 2559, 1998, 2469, 2385, 2086, 2238, 1869, 2215, 2457, 2471, 2514, 1989, 2143, 2329, 2550, 2553, 2243, 2382, 2440, 2050, 2076, 2414, 2451, 1976, 2262, 2419, 2551, 2038, 2240, 2574, 1899, 1953, 2360, 2587, 2059, 2301, 1995, 2186, 2249, 1943, 1940, 2220, 2435, 274, 2331, 2509, 2294, 2401, 2162, 2271, 2257, 2350, 2196, 2522, 1960, 1978, 2594, 2005, 1935, 2381, 2477, 2543, 2556, 2020, 2067, 2357, 2515, 2541, 2250, 1928, 2362, 2044, 2455, 2458, 2525, 2528, 2569, 2276, 2064, 2270, 2187, 2211, 2079, 2105, 2167, 2443, 2073, 2091, 2154, 2540, 1933, 2428, 2504, 2077, 2473, 1932, 2237, 1939, 2043, 2305, 1898, 2564, 2224, 2376, 2399, 2171, 1999, 2094, 2119, 2306, 2062, 2136
170,2902, 539, 502, 489, 2709, 2649, 1965, 597, 655, 561, 2978, 2960, 2780, 3107, 1926, 2180, 1996, 2170, 2198, 2312, 2363, 1902, 1986, 2311, 2163, 435, 1944, 2407, 2197, 343, 2265, 2584, 2051, 2096, 2019, 2139, 2279, 2510, 2029, 2386, 2436, 2015, 2497, 1873, 2212, 2231, 2277, 2361, 2034, 2309, 2501, 1942, 2039, 2568, 2595, 1881, 1885, 2030, 2340, 2021, 2040, 2071, 2508, 2400, 50, 2583, 2046, 2314, 2358, 2251, 2069, 2173, 1877, 1907, 1954, 2582, 1870, 2292, 2339, 1918, 1983, 1961, 1956, 2367, 2147, 2151, 2058, 2562, 1909, 2256, 2512, 1949, 1973, 2580, 2049, 2511, 2120, 2502, 1874, 2505, 2393, 630, 2465, 2517, 2548, 2558, 2244, 473, 2843, 2658, 3273, 2831, 3606, 3414, 2308, 2472, 3099, 2563, 1974, 2576, 1883, 1924, 2324, 2427, 2429, 2555, 2335, 1993, 485, 378, 2882, 2535, 601, 593, 634, 577, 2327, 2063, 2264, 2507, 2604, 2476, 2431, 2353, 2344, 2045, 1919, 2258, 309, 22, 109, 2589, 1913, 1951, 1890, 2190, 2577, 2609, 2179, 2126, 2145, 2475, 1891, 1947, 2317, 1916, 2371, 1970, 1878, 2101
68,454, 562, 1551, 3269, 3840, 2132, 3649, 165, 2288, 2554, 2269, 2230, 2290, 2022, 2047, 2117, 2434, 1981, 626, 635, 2168, 2402, 535, 2023, 291, 10, 2408, 2128, 2318, 1936, 2202, 2364, 1931, 2081, 2313, 2075, 2739, 2388, 1957, 591, 2346, 60, 102, 211, 278, 11, 1900, 2017, 2606, 2188, 3775, 547, 637, 54, 228, 266, 97, 126, 260, 295, 2114, 1962, 2530, 2026, 2533, 1906, 1871, 2100
49,641, 409, 2597, 2489, 2596, 177, 203, 279, 2054, 2474, 2575, 2336, 2585, 1977, 570, 1992, 2607, 2156, 2112, 2534, 574, 612, 565, 2482, 310, 39, 161, 195, 2299, 1914, 2377, 3227, 3582, 1975, 35, 241, 2537, 2267, 1955, 2107, 2425, 2060, 134, 321, 9, 269, 122, 168, 27
45,599, 600, 642, 30, 2239, 2608, 616, 604, 1930, 319, 2365, 2007, 61, 312, 0, 212, 3638, 560, 324, 191, 167, 261, 302, 7, 18, 164, 581, 120, 150, 2241, 647, 609, 162, 178, 247, 99, 106, 318, 2827, 284, 17, 115, 2113, 21, 328
38,72, 316, 160, 3, 75, 2588, 3258, 2619, 49, 2115, 2520, 125, 77, 658, 153, 250, 38, 86, 119, 123, 156, 208, 213, 222, 238, 306, 326, 79, 151, 5, 276, 257, 237, 114, 2907, 180, 63, 66
43,1886, 29, 32, 46, 83, 118, 124, 133, 142, 143, 157, 202, 262, 314, 322, 3447, 311, 92, 135, 47, 96, 325, 623, 91, 638, 78, 148, 113, 254, 221, 25, 2920, 3253, 2527, 300, 301, 329, 240, 139, 331, 224, 298, 111
30,333, 53, 34, 129, 297, 214, 87, 15, 172, 303, 192, 231, 24, 207, 3450, 3539, 23, 186, 286, 317, 201, 140, 605, 89, 16, 136, 296, 170, 218, 93
19,3868, 332, 144, 235, 3326, 48, 225, 299, 127, 200, 1, 104, 188, 196, 313, 3713, 20, 56, 108
13,216, 82, 42, 73, 12, 132, 307, 273, 204, 81, 85, 268, 323
6,243, 14, 270, 3728, 3528, 36
4,94, 51, 67, 3853
3,3703, 219, 26
0,
0,
0,
0,
0,
