1,3381
26,3394, 3401, 3421, 3436, 3437, 3443, 3478, 3543, 3544, 3553, 3555, 3593, 3658, 3668, 3694, 3707, 3769, 3774, 3780, 3824, 3825, 3866, 3878, 3886, 3896, 3910
27,3439, 3773, 3411, 3476, 3719, 3465, 3524, 3550, 3559, 3805, 3813, 3894, 3566, 3660, 3776, 3764, 3452, 3693, 3400, 3711, 3430, 3395, 3728, 3533, 3551, 3567, 3614
25,3835, 3859, 3417, 3427, 3517, 3402, 3630, 3705, 3482, 3569, 3806, 3518, 3870, 3467, 3730, 3889, 3456, 3598, 3612, 3765, 3898, 3670, 3882, 3782, 3849
34,3867, 3545, 3469, 3627, 3487, 3621, 3727, 3384, 3481, 3839, 3525, 3672, 3734, 3677, 3850, 3736, 3822, 3617, 3633, 3757, 3760, 3428, 3499, 3697, 3398, 3462, 3537, 3875, 3535, 3590, 3643, 3514, 3733, 3821
29,3558, 3568, 3793, 3847, 3848, 3404, 3416, 3497, 3574, 3661, 3722, 3740, 3863, 3900, 3903, 3669, 3901, 3653, 3650, 3804, 3415, 3597, 3470, 3503, 3646, 3687, 829, 1050, 3594
25,3663, 3811, 3506, 3576, 3575, 3861, 3393, 3647, 3791, 3699, 3596, 3777, 3817, 3448, 3768, 3814, 3681, 3801, 3552, 3675, 3739, 3562, 1525, 1550, 1644
17,3836, 3904, 3519, 3607, 3572, 3857, 3532, 3731, 3542, 3746, 3664, 3629, 1062, 1298, 1763, 100, 1010
67,3657, 3496, 3877, 3803, 3511, 3536, 1464, 1676, 916, 399, 867, 889, 890, 928, 929, 933, 939, 991, 1036, 1056, 1084, 1095, 1096, 1106, 1141, 1218, 1221, 1242, 1256, 1259, 1260, 1290, 1292, 1313, 1316, 1327, 1339, 1353, 1354, 1356, 1364, 1375, 1392, 1396, 1403, 1414, 1416, 1422, 1441, 1467, 1521, 1626, 1630, 1631, 1639, 1652, 1662, 1698, 1714, 1767, 1790, 1804, 1832, 1836, 1641, 1159, 1345
192,3406, 3665, 3860, 3833, 3405, 3451, 3114, 3189, 1123, 499, 577, 590, 610, 612, 613, 631, 651, 334, 361, 1197, 1014, 1596, 1640, 1761, 1817, 1744, 1755, 1696, 1482, 879, 1108, 1546, 1632, 1703, 1770, 1121, 1220, 1118, 1468, 1567, 1746, 1842, 943, 1701, 627, 986, 1682, 1813, 1818, 1154, 1638, 1420, 1798, 1820, 1844, 1302, 1442, 1577, 1622, 948, 1163, 1554, 1115, 1125, 1142, 1146, 1211, 1248, 1300, 1129, 1587, 1017, 1267, 1710, 1750, 1835, 900, 1277, 1343, 907, 1306, 1340, 970, 1618, 1831, 863, 984, 1001, 1166, 1283, 1352, 1689, 1699, 1849, 983, 985, 1206, 1555, 1718, 1789, 1081, 1134, 1232, 1249, 1534, 1047, 1192, 1488, 1243, 1620, 1338, 1791, 1847, 1041, 1172, 1291, 1450, 1570, 1579, 1281, 1449, 973, 1276, 1612, 522, 1293, 1822, 1470, 1199, 1397, 1664, 873, 931, 1239, 1266, 1562, 982, 1051, 1147, 1305, 1766, 1089, 1752, 1066, 1777, 1016, 1035, 1236, 1271, 1299, 1695, 923, 2615, 2624, 2625, 2680, 2694, 2708, 2721, 2765, 2778, 2786, 2818, 2864, 2942, 2943, 2951, 2960, 2985, 2992, 3002, 3015, 3067, 3080, 3085, 3093, 3139, 3167, 3179, 3199, 3206, 3215, 3227, 3242, 3265, 3292, 3312, 3357, 3363, 1410, 1613, 1675
340,3794, 3879, 3152, 2967, 3032, 2949, 377, 394, 497, 634, 580, 571, 629, 351, 363, 417, 432, 437, 467, 500, 539, 549, 449, 529, 530, 648, 1516, 1784, 1823, 1627, 1619, 1773, 1494, 882, 988, 1122, 1512, 1513, 1616, 1681, 1851, 870, 1507, 1526, 1558, 1793, 1024, 1656, 1866, 468, 1680, 1757, 1574, 1183, 1529, 1768, 1013, 1076, 1111, 1170, 1252, 1594, 1669, 1671, 962, 1320, 1489, 1578, 1762, 1440, 1643, 1727, 1740, 1476, 1501, 1824, 1472, 1561, 899, 1191, 1322, 1330, 1674, 1678, 911, 1216, 1430, 1301, 1497, 1731, 1087, 1566, 1473, 1563, 569, 1531, 959, 1742, 1104, 922, 1568, 1648, 1182, 1673, 1677, 1188, 1190, 1196, 1815, 918, 969, 1065, 1217, 1273, 1487, 1153, 1167, 1312, 1376, 1646, 1729, 1805, 1350, 1518, 1541, 1228, 1161, 1203, 1748, 989, 1391, 1175, 1204, 1557, 1589, 1530, 1693, 1033, 1043, 1168, 1328, 1483, 1600, 1833, 1143, 917, 1475, 1186, 883, 1007, 1615, 1027, 1151, 1404, 1304, 1466, 1484, 587, 914, 1388, 1230, 1560, 1295, 1246, 1725, 1764, 1850, 919, 1176, 1032, 1064, 1152, 1174, 1769, 1863, 898, 1270, 1434, 1474, 974, 1025, 1247, 1342, 1438, 1536, 1685, 1092, 1855, 1461, 1663, 936, 997, 946, 1585, 1222, 1245, 1454, 1595, 979, 1780, 1775, 1841, 886, 1019, 1349, 1351, 1510, 1233, 1241, 1348, 897, 1071, 953, 1553, 1308, 1386, 924, 1098, 1362, 1429, 1498, 1369, 1642, 1722, 912, 1040, 1093, 1126, 1135, 1074, 1244, 1538, 1854, 1795, 1296, 1297, 1687, 1753, 1506, 1395, 1253, 1637, 1544, 476, 477, 1514, 1235, 1331, 932, 937, 1028, 1034, 1858, 1337, 1694, 1547, 1816, 1426, 1091, 1378, 1439, 1447, 1787, 892, 1144, 1160, 1520, 958, 1128, 884, 1145, 1372, 1428, 1702, 1666, 1785, 1219, 1207, 2704, 2722, 2788, 2845, 3042, 2947, 3078, 3200, 3044, 3176, 2838, 2735, 3120, 2894, 2988, 3122, 2673, 2756, 2882, 2950, 3188, 3291, 2876, 3140, 2699, 2706, 2820, 2857, 3216, 2897, 3007, 3243, 3299, 3341, 2665, 2849, 2899, 2766, 2926, 2862, 3207, 2771, 3294, 2809, 3309, 2937, 3240, 3331, 3075, 2715, 2811, 3047, 3070, 3143, 3125, 1963, 1966, 2082, 2104, 2201, 2236, 1425
350,3388, 3792, 3761, 543, 540, 544, 390, 480, 490, 491, 602, 574, 595, 630, 640, 654, 556, 385, 614, 1360, 1508, 1838, 379, 573, 592, 536, 585, 1385, 1415, 1697, 447, 563, 1319, 421, 546, 355, 380, 389, 458, 1645, 1707, 1756, 1478, 1801, 1776, 1284, 1080, 1711, 1569, 1605, 1690, 1324, 1384, 1741, 1275, 1786, 478, 1060, 383, 413, 416, 1088, 1739, 1783, 1807, 1039, 1407, 1837, 1049, 1601, 1575, 1792, 1336, 1057, 1358, 1679, 1005, 1625, 1571, 1590, 1455, 1272, 1004, 864, 1180, 1659, 1610, 1519, 1580, 1778, 1044, 968, 1830, 1282, 1692, 971, 617, 1840, 940, 1373, 1527, 1110, 1781, 1797, 1827, 1828, 1672, 954, 1540, 1686, 578, 1419, 906, 994, 1576, 925, 960, 945, 1012, 1341, 1481, 1326, 1709, 1515, 887, 1263, 1402, 1380, 1528, 1814, 1565, 1254, 1251, 1499, 1431, 972, 1031, 1495, 1751, 1018, 1803, 1459, 1077, 1261, 1361, 1819, 1072, 1132, 1120, 1068, 1238, 1539, 1234, 1063, 1548, 1411, 1747, 1383, 1398, 1377, 949, 1285, 1408, 1743, 1479, 1048, 1086, 1593, 1334, 1856, 1367, 339, 977, 1112, 947, 1137, 1667, 1240, 1079, 358, 376, 520, 404, 406, 430, 440, 875, 1381, 1286, 1726, 1799, 1684, 944, 1250, 1184, 1860, 1309, 976, 1094, 1102, 2859, 2987, 3050, 2825, 2853, 2875, 2891, 3054, 2643, 2647, 2854, 3065, 3247, 3343, 2828, 2856, 2931, 3091, 2610, 2887, 2940, 3302, 3308, 2776, 2879, 3003, 3011, 2941, 2980, 2999, 2712, 2863, 2929, 2690, 3129, 3001, 2917, 2810, 3310, 2998, 3323, 3356, 3023, 3190, 3096, 3347, 2661, 2801, 2884, 2996, 3235, 2893, 2925, 3024, 3063, 2618, 2698, 3228, 3230, 3268, 2749, 3304, 3325, 3072, 2834, 3028, 3146, 3231, 3184, 3378, 2702, 3052, 3100, 2614, 2932, 2963, 3056, 2964, 3053, 3148, 3350, 2774, 2792, 3020, 3246, 955, 2627, 3222, 1493, 2797, 3208, 3066, 2975, 3022, 3118, 3159, 2638, 2629, 2997, 3059, 3224, 3061, 3098, 3288, 3297, 2782, 2965, 3130, 3197, 3289, 3048, 2116, 2129, 2247, 2346, 2347, 2373, 2449, 2598, 1868, 2010, 2066, 2178, 1888, 2208, 2285, 2518, 1897, 1988, 2042, 2235, 2480, 2565, 2003, 2080, 2422, 2578, 2176, 2325, 2338, 2557, 2567, 2089, 2142, 2144, 2108, 2255, 2352, 2493, 2547
399,3823, 3620, 524, 531, 550, 397, 511, 459, 462, 419, 445, 508, 466, 584, 594, 659, 591, 588, 429, 472, 501, 1532, 1765, 484, 510, 348, 606, 1735, 941, 1723, 644, 402, 487, 488, 1279, 538, 347, 1198, 1105, 370, 405, 441, 504, 455, 542, 495, 341, 1021, 993, 903, 1061, 1173, 1437, 496, 650, 1368, 1504, 372, 1409, 1417, 1444, 963, 975, 1006, 1257, 1288, 1491, 1158, 1573, 1738, 1708, 1083, 1604, 980, 1009, 1045, 1606, 598, 869, 1359, 1691, 1865, 1591, 951, 1724, 1387, 1602, 1859, 1085, 1829, 865, 1552, 393, 1117, 1583, 1443, 475, 359, 534, 357, 1107, 1002, 1139, 921, 1265, 1660, 1269, 1581, 2861, 3173, 2892, 3019, 3060, 2666, 2815, 2962, 2655, 2936, 3165, 3178, 2644, 2718, 2731, 3370, 2812, 2860, 2948, 3031, 3328, 2922, 2814, 3361, 2888, 3040, 2636, 3335, 3017, 3209, 3115, 2779, 2817, 2934, 2989, 2695, 3012, 2971, 3171, 2764, 3095, 2904, 2958, 3036, 2687, 2705, 2974, 3187, 2755, 2896, 3307, 2868, 2970, 3248, 3306, 3108, 3300, 3086, 2793, 2816, 2688, 2968, 3359, 2620, 3330, 2729, 3211, 2742, 2796, 3340, 2761, 3221, 2855, 2914, 3245, 2726, 3283, 2703, 2710, 3147, 3158, 3194, 3055, 2982, 3183, 2623, 2713, 2727, 2730, 3157, 3092, 3360, 3314, 2679, 2955, 3218, 3271, 2829, 2744, 2645, 3155, 3204, 2664, 1623, 3004, 3305, 2823, 3348, 3033, 3191, 3241, 3324, 2898, 3276, 3058, 3064, 2869, 2957, 3081, 2780, 3128, 3205, 2777, 2621, 2734, 2981, 2662, 2697, 3151, 3274, 2669, 3322, 2921, 3196, 3264, 2149, 2218, 2286, 2391, 2542, 1982, 2024, 2036, 2232, 2272, 2351, 2410, 2463, 2459, 2150, 2402, 2183, 2256, 2031, 2186, 2297, 2460, 2494, 2592, 1911, 2028, 2092, 2531, 2559, 128, 2027, 2057, 2157, 2330, 2426, 1890, 1899, 1910, 1918, 1959, 2030, 2032, 2039, 2049, 2051, 2069, 2098, 2100, 2115, 2130, 2166, 2195, 2217, 2240, 2244, 2253, 2271, 2306, 2314, 2323, 2334, 2342, 2344, 2379, 2405, 2407, 2412, 2432, 2452, 2470, 2478, 2482, 2497, 2503, 2506, 2510, 2516, 2588, 2593, 2602, 2135, 2203, 2233, 2242, 2413, 2213, 2258, 2280, 2417, 2146, 1904, 2462, 2296, 2372, 1998, 2291, 2103, 2138, 2558, 1901, 2300, 2337, 2488, 1941, 1984, 2097, 2177, 2224, 2259, 2348, 2376, 2389, 2551, 2591, 2153, 2539, 1879, 1882, 2106, 2415, 2461, 2009, 2246, 2566, 1872, 2099, 2071, 2204, 2124, 2169, 2370, 2448, 1535, 1876, 1926, 2257, 2304, 2398, 2404, 2238, 2268, 2447, 2546, 1915, 2245, 2152, 2532, 2093, 2418, 2528, 2560, 2053, 2067, 2154, 2228, 2276
343,453, 621, 481, 338, 353, 463, 408, 410, 398, 620, 558, 423, 424, 1318, 439, 498, 632, 1800, 1171, 415, 525, 414, 1424, 457, 1649, 901, 343, 345, 435, 509, 367, 503, 1177, 1412, 1492, 868, 1317, 927, 1303, 1307, 1607, 1808, 1628, 913, 966, 990, 1720, 1809, 1636, 1335, 1502, 1758, 474, 930, 1716, 1150, 2901, 2700, 3201, 3377, 2802, 2858, 2759, 2630, 3336, 2743, 2994, 3030, 2613, 2873, 2952, 2933, 2867, 3062, 3260, 2714, 2938, 3136, 3233, 2821, 2836, 2612, 2973, 2908, 2628, 3290, 2660, 2966, 2785, 3354, 2651, 2668, 2691, 2824, 2633, 2692, 3138, 2822, 2632, 2622, 2719, 3279, 2707, 2979, 3160, 2677, 3313, 2790, 2806, 2902, 1749, 2656, 1227, 2889, 2903, 2667, 2866, 2918, 2711, 2635, 3046, 3203, 3154, 2993, 3256, 1379, 2733, 3364, 2986, 3057, 2538, 2197, 2387, 2021, 2083, 2164, 2519, 2289, 2221, 2088, 2281, 2283, 2008, 2430, 2544, 1895, 2018, 2442, 2484, 1896, 1929, 1903, 2382, 1994, 2226, 2340, 2383, 2187, 2252, 2260, 2421, 2553, 1873, 1976, 2016, 2025, 2278, 2511, 1950, 2073, 2094, 2139, 2172, 2284, 2414, 2433, 2065, 2523, 2266, 2332, 2369, 148, 1995, 2131, 2193, 1953, 2399, 2504, 2512, 1874, 2250, 2489, 1875, 1939, 2041, 2119, 2293, 2329, 2386, 2419, 2514, 2368, 2109, 2143, 2170, 2322, 2357, 2450, 2568, 2573, 2012, 2354, 2483, 1936, 1957, 2189, 2230, 2205, 2608, 2443, 2540, 2550, 1996, 2543, 1885, 2231, 2168, 2262, 2307, 2381, 2579, 2595, 1881, 2134, 2315, 2536, 2145, 2160, 2211, 2577, 2121, 2455, 2020, 2059, 2127, 2215, 2477, 1894, 1961, 2034, 2058, 2282, 2345, 2362, 2363, 2321, 2308, 2524, 2327, 2471, 2529, 2549, 1927, 1986, 2048, 2105, 2191, 2287, 2446, 1962, 2156, 2320, 2420, 1937, 2072, 2087, 2298, 2435, 2458, 2572, 2162, 2174, 2277, 2515, 1935, 2220, 2279, 2436, 2015, 2033, 2076, 2305, 2490, 2604, 2207, 2500, 2043, 2194, 2312, 2451, 2574, 1909, 2070, 2155, 1999, 2198, 2507, 2196, 2141, 2424, 2090, 2601, 2200, 2498, 2317, 2589, 1951, 1967, 1968, 2222, 2521, 2554, 2180, 2467, 1958, 2552, 2378, 2161, 1940, 2428, 2587, 2011, 2064, 2167, 2086, 2029, 2261, 2339, 2457, 1902, 2023, 2556, 2243
129,548, 526, 586, 1853, 513, 409, 373, 1193, 1294, 1452, 1413, 1400, 1635, 1446, 1634, 1730, 1463, 3374, 2872, 2835, 3112, 2784, 3365, 2724, 3180, 3281, 3090, 1736, 3329, 3192, 1140, 3219, 3185, 2227, 2453, 2586, 1987, 2349, 1974, 2096, 2249, 2534, 2063, 2264, 2292, 2309, 2229, 2002, 2371, 2120, 2555, 2045, 1949, 2416, 1942, 2472, 2603, 2487, 1922, 2078, 2429, 2564, 1900, 2541, 2502, 2361, 2562, 2501, 2580, 2409, 1985, 2007, 2054, 2508, 2077, 2367, 1989, 2050, 2535, 2569, 1877, 2112, 2095, 2525, 1993, 2526, 2056, 2079, 2000, 2397, 2437, 2466, 2126, 1960, 1870, 2241, 2085, 2505, 2212, 2360, 1992, 2014, 2019, 2301, 2431, 2225, 2440, 2062, 2038, 2316, 2336, 1883, 1924, 2411, 1907, 2590, 2469, 2091, 1898, 1980, 1913, 2179, 2400, 1954, 2445, 2004, 2163, 2001, 2427
40,1148, 1280, 1029, 1195, 1737, 1826, 3237, 2654, 2983, 2840, 2910, 3082, 2649, 1715, 2781, 2476, 2606, 2223, 2102, 1945, 2335, 1919, 2052, 2047, 2302, 1887, 2576, 2596, 2219, 2075, 2181, 2299, 1965, 1983, 2006, 2290, 1978, 2607, 2040, 2165
6,2844, 3124, 3285, 2084, 1955, 2275
2,2101, 2237
2,2585, 1947
2,2331, 2582
1,1891
0,
0,
0,
0,
0,
