1,3381
19,3403, 3448, 3478, 3490, 3507, 3588, 3614, 3674, 3706, 3749, 3752, 3786, 3803, 3806, 3826, 3829, 3850, 3873, 3875
14,3863, 3721, 3602, 3398, 3649, 3559, 3836, 3600, 3454, 3525, 3883, 3801, 3537, 3693
22,3870, 3487, 3517, 3750, 3796, 3565, 3736, 3770, 3800, 3687, 3500, 3561, 3587, 3729, 3653, 3544, 3624, 3675, 3846, 3392, 3817, 3546
23,3460, 3470, 3552, 3777, 3395, 3622, 3574, 3642, 3667, 3678, 3814, 3901, 3758, 3532, 3646, 3727, 3793, 3394, 3612, 3759, 3880, 3766, 3740
21,3437, 3463, 3725, 3426, 3459, 3545, 3669, 3430, 3751, 3840, 3410, 3769, 3857, 3718, 3833, 3513, 3627, 3876, 3637, 3439, 3610
17,3468, 3498, 3809, 3872, 3699, 3791, 3404, 3854, 3654, 3877, 3657, 3658, 3630, 3879, 3511, 3623, 3835
12,3413, 3773, 3652, 3695, 3746, 3506, 3558, 3756, 3802, 3441, 3799, 3768
10,3780, 3499, 3549, 3524, 3739, 3476, 3645, 3907, 3584, 3761
5,3481, 3696, 3540, 3405, 3650
4,3906, 3418, 3531, 3864
2,3407, 3570
2,3771, 3386
1,3615
0,
0,
0,
0,
0,
