1,3381
34,3388, 3393, 3401, 3410, 3417, 3427, 3440, 3443, 3466, 3482, 3483, 3491, 3498, 3503, 3518, 3529, 3600, 3619, 3625, 3652, 3659, 3674, 3713, 3720, 3730, 3739, 3740, 3759, 3775, 3796, 3798, 3831, 3864, 3897
46,3387, 3418, 3425, 3436, 3463, 3474, 3487, 3505, 3570, 3593, 3616, 3646, 3661, 3693, 3696, 3728, 3742, 3782, 3807, 3855, 3878, 3881, 3736, 3506, 3888, 3468, 3501, 3397, 3632, 3392, 3413, 3415, 3676, 3617, 3806, 3450, 3851, 3722, 3853, 3451, 3645, 3630, 3835, 3727, 3668, 3512
77,3473, 3484, 3494, 3509, 3538, 3548, 3556, 3563, 3580, 3603, 3622, 3699, 3723, 3792, 3812, 3820, 3876, 3895, 3633, 3382, 3471, 3426, 3786, 3430, 3568, 3765, 3586, 3384, 3422, 3433, 3537, 3386, 3690, 3595, 3799, 3611, 3620, 3669, 3437, 3581, 3414, 3390, 3869, 3441, 3809, 3714, 3614, 3398, 3679, 3428, 3709, 1050, 3636, 3910, 3419, 3478, 3526, 3710, 3404, 3654, 3819, 3623, 3624, 3716, 3872, 3677, 3396, 3574, 3875, 3591, 3783, 3768, 3731, 3770, 3549, 3803, 3612
81,3680, 3773, 3822, 3860, 3485, 3577, 3543, 3672, 3697, 3569, 3896, 3880, 3467, 3528, 3685, 3400, 3870, 3675, 3405, 3510, 3534, 3842, 3524, 3539, 3793, 3894, 3898, 3840, 3531, 3795, 3900, 3578, 3618, 3825, 3480, 3642, 3698, 3403, 3495, 3566, 3596, 3608, 3776, 3903, 3511, 3839, 3811, 3395, 3519, 3846, 3889, 3461, 3597, 3552, 3489, 3810, 3859, 3687, 3717, 3627, 3785, 3650, 3828, 3901, 3734, 3813, 3445, 3585, 3476, 3760, 3879, 833, 1155, 3748, 3805, 3861, 3525, 3584, 3883, 3667, 3500
72,3499, 3621, 3438, 3550, 3827, 3664, 3755, 3469, 3758, 3863, 3791, 3582, 3757, 3517, 3598, 3458, 3673, 3540, 3746, 3777, 3470, 3456, 3844, 3423, 3609, 3735, 3715, 3800, 3490, 3817, 3841, 3769, 3695, 3857, 1062, 1321, 3533, 3607, 3464, 3527, 3459, 3557, 3719, 3439, 3904, 3610, 3493, 3399, 3802, 3705, 3847, 3542, 3789, 3408, 3660, 3507, 3845, 3389, 3575, 3909, 3545, 3520, 3692, 3448, 1347, 3821, 3561, 3658, 3721, 3905, 3729, 3606
52,3678, 3745, 3647, 3780, 3766, 3421, 3702, 3637, 3866, 3815, 3477, 3756, 3882, 100, 3892, 3567, 3801, 3833, 3877, 3854, 3560, 3546, 3454, 3583, 3701, 3497, 3447, 3867, 3649, 3641, 3771, 3790, 3481, 3605, 1464, 3754, 3435, 3824, 3590, 3634, 3751, 3830, 1127, 3814, 3394, 3662, 3794, 3460, 3572, 3836, 1508, 3599
79,3558, 3778, 3703, 3899, 3564, 3638, 3411, 3738, 3762, 3452, 3492, 3657, 3653, 3706, 3589, 3850, 3829, 1212, 1470, 1512, 1644, 1655, 829, 3689, 3764, 334, 578, 894, 914, 967, 1025, 1039, 1046, 1072, 1074, 1085, 1102, 1109, 1118, 1125, 1134, 1150, 1209, 1239, 1246, 1260, 1306, 1313, 1319, 1353, 1381, 1389, 1393, 1423, 1440, 1462, 1477, 1486, 1487, 1489, 1492, 1543, 1565, 1645, 1660, 1665, 1700, 1726, 1741, 1744, 1769, 1774, 1805, 1820, 1846, 3420, 3691, 1002, 1272
181,3432, 3635, 3852, 3601, 1662, 1514, 1537, 1545, 1635, 3576, 3407, 3707, 3643, 3465, 3522, 3442, 163, 627, 881, 903, 927, 941, 1000, 1010, 1027, 1066, 1073, 1115, 1116, 1123, 1126, 1137, 1202, 1217, 1236, 1245, 1257, 1259, 1271, 1277, 1280, 1295, 1324, 1333, 1337, 1382, 1402, 1407, 1414, 1461, 1480, 1521, 1532, 1568, 1650, 1654, 1738, 1768, 1803, 1856, 1519, 2968, 1052, 1215, 1723, 1730, 3412, 3700, 3587, 864, 875, 1136, 383, 391, 418, 426, 441, 472, 489, 501, 509, 548, 1474, 467, 1006, 1151, 1069, 1032, 1120, 1392, 1849, 986, 1071, 1172, 1292, 1367, 1369, 982, 1531, 1699, 1743, 1350, 1668, 1757, 1630, 1197, 1070, 1351, 1610, 912, 1538, 1576, 1714, 924, 1153, 1241, 1566, 1646, 1088, 1189, 1265, 971, 883, 1121, 1672, 1818, 1276, 1376, 1443, 1444, 1678, 1761, 960, 964, 1014, 1157, 1424, 1800, 614, 1370, 1706, 1740, 1234, 1003, 1021, 1570, 1216, 1567, 1692, 918, 1043, 1481, 1586, 1693, 1004, 1135, 1226, 1300, 1702, 1076, 1098, 1183, 1219, 1299, 1385, 957, 928, 882, 1095, 1161, 1249, 1348, 1439, 1707, 1725, 1080, 1081, 1091, 1478, 1571, 1680
370,3434, 468, 563, 897, 901, 907, 926, 948, 987, 1015, 1065, 1170, 1227, 1231, 1284, 1363, 1368, 1395, 1410, 1411, 1422, 1431, 1453, 1466, 1555, 1578, 1622, 1676, 1684, 1685, 1697, 1698, 1748, 1753, 3402, 3406, 3416, 3868, 3772, 3832, 3110, 3189, 961, 1715, 1822, 1577, 1180, 1613, 1782, 1572, 3704, 362, 384, 456, 470, 475, 513, 549, 997, 1188, 1429, 977, 1661, 1781, 1343, 1366, 1850, 1063, 1204, 1288, 1279, 1473, 1562, 1780, 1801, 1518, 1773, 1842, 1048, 1790, 1824, 1681, 510, 1146, 1331, 1430, 1669, 1552, 1592, 1813, 1110, 1218, 1380, 1391, 1530, 1619, 1675, 873, 1012, 1233, 1290, 1406, 1281, 1806, 1620, 1687, 1710, 1513, 1569, 1041, 870, 1791, 1817, 886, 1013, 1089, 1510, 1040, 889, 1628, 1539, 931, 1051, 1397, 1574, 1541, 1546, 1770, 1372, 3750, 3504, 3554, 3604, 2833, 142, 621, 1523, 1837, 587, 1427, 1636, 1745, 1318, 1852, 1270, 1419, 1454, 863, 1666, 1727, 1729, 1789, 1528, 1560, 1718, 1158, 1442, 1625, 1122, 1772, 1509, 1154, 1408, 1797, 940, 1495, 1432, 1739, 1764, 885, 1087, 1795, 1844, 1328, 1078, 1799, 958, 1113, 1553, 1242, 1264, 1308, 1731, 1750, 1111, 1322, 1162, 1171, 979, 1092, 1238, 1490, 962, 1623, 1582, 1358, 544, 512, 349, 366, 537, 528, 539, 1198, 1335, 363, 380, 429, 520, 352, 360, 459, 1334, 1386, 477, 592, 990, 1045, 1261, 1611, 373, 405, 1696, 1624, 1398, 1540, 1829, 869, 922, 1001, 1283, 1859, 1031, 1240, 1222, 1166, 1199, 1296, 1529, 1228, 1291, 1475, 1580, 1703, 899, 1823, 1167, 1175, 1798, 1341, 1858, 1855, 946, 1373, 1827, 1068, 1285, 865, 1132, 1600, 1776, 1784, 1005, 1211, 1506, 1141, 1387, 1588, 951, 1252, 1320, 1640, 1450, 1547, 1561, 1297, 1362, 1232, 1338, 1783, 1326, 1359, 1554, 1515, 1671, 890, 965, 1034, 925, 972, 1016, 1378, 1527, 1587, 1785, 1591, 1639, 974, 1340, 1593, 1637, 1426, 911, 1601, 1483, 1746, 1679, 1833, 1468, 1722, 895, 1293, 1652, 1105, 1585, 1602, 385, 421, 949, 1114, 1129, 1243, 1356, 1467, 1488, 1106, 1417, 1632, 1589, 943, 1160, 1616, 1108, 1854, 1024, 1301, 1767, 1409, 1302, 1312, 1420, 1516, 1557, 1494, 1664, 1384, 1349, 1659, 1615, 1210, 1035, 1186, 1788, 868, 1558, 937, 969, 1044, 1709, 1501, 1711, 1086, 1147, 989, 1416, 968, 1093, 1642, 1311, 1019
283,1107, 1864, 338, 358, 359, 377, 378, 422, 440, 455, 465, 494, 496, 521, 530, 536, 538, 1828, 571, 1794, 1133, 1751, 348, 1825, 1862, 902, 1835, 1673, 932, 1143, 1163, 1360, 1502, 1760, 1548, 1208, 1667, 1755, 1851, 1752, 546, 1346, 1055, 1182, 1404, 1463, 1811, 975, 915, 1099, 1633, 3515, 3535, 2689, 1641, 111, 966, 1294, 1704, 1634, 1649, 929, 1247, 1434, 374, 1017, 1191, 1298, 1736, 1484, 909, 1253, 1100, 1594, 1082, 1579, 1674, 1689, 1777, 1251, 1330, 1282, 3063, 892, 1023, 1049, 1418, 389, 502, 365, 404, 522, 1446, 1573, 498, 511, 411, 487, 508, 480, 1176, 1128, 1415, 1863, 1309, 1388, 908, 1544, 1686, 1536, 1609, 919, 1595, 1336, 1479, 1756, 994, 1766, 945, 1499, 1460, 1104, 985, 1007, 959, 1196, 1273, 1142, 1278, 1485, 874, 913, 1383, 376, 606, 1682, 1144, 1250, 1305, 1491, 879, 1221, 1643, 1207, 1694, 993, 1266, 1482, 1809, 1159, 1808, 888, 351, 3222, 1206, 1721, 980, 1083, 1455, 1220, 1525, 1413, 1447, 1807, 3648, 955, 1268, 3890, 343, 397, 439, 355, 484, 1804, 1815, 954, 934, 983, 1708, 917, 1399, 1735, 1203, 1840, 984, 1192, 2080, 2461, 1720, 617, 1248, 1596, 1275, 1848, 1498, 339, 1029, 1618, 1263, 1056, 1057, 1775, 933, 1626, 1456, 3834, 657, 568, 1449, 1605, 1018, 953, 1064, 1352, 1090, 1428, 1691, 1168, 1534, 1656, 1695, 1077, 1230, 1304, 1033, 1847, 947, 1792, 867, 936, 1549, 1229, 3202, 1401, 1542, 1758, 1497, 453, 430, 495, 1274, 379, 399, 445, 481, 542, 407, 449, 353, 507, 394, 550, 476, 1719, 491, 417, 1130, 1677, 1047, 1190, 1604, 1364, 1504, 1583, 1575, 900, 1459, 1205, 1832, 1438, 1612, 1657, 991, 1834, 462, 648, 1058, 1603, 1178, 1705, 1094, 1316, 923
206,3453, 3594, 3816, 1838, 1412, 1814, 1028, 1451, 1339, 1819, 1867, 978, 1648, 956, 2899, 1042, 1289, 485, 393, 519, 1651, 370, 401, 1581, 1169, 1590, 1778, 884, 1396, 615, 1365, 1759, 1061, 1193, 1836, 1255, 1254, 336, 1826, 1184, 1663, 906, 1327, 1500, 1533, 1607, 1375, 1638, 1377, 1471, 998, 460, 534, 344, 414, 423, 499, 1117, 413, 1737, 1963, 2218, 1701, 1472, 585, 872, 573, 1441, 1079, 1747, 1361, 409, 479, 471, 1556, 354, 415, 444, 388, 1853, 345, 1030, 1267, 1145, 1627, 1563, 402, 416, 1841, 976, 1059, 1830, 398, 482, 497, 529, 451, 424, 488, 450, 408, 381, 442, 515, 602, 556, 562, 492, 950, 2611, 2643, 2722, 2749, 2788, 2841, 2943, 2974, 2993, 3032, 3089, 3091, 3093, 3113, 3140, 3165, 3200, 3209, 3263, 3286, 3287, 3297, 3340, 3357, 44, 1526, 1724, 1629, 930, 1503, 1742, 1843, 1793, 2944, 3024, 361, 644, 1374, 1658, 1653, 1187, 876, 1008, 1075, 3004, 1786, 938, 500, 533, 372, 523, 552, 357, 406, 503, 1009, 2116, 2297, 2304, 2554, 1876, 1926, 1966, 2066, 2494, 2547, 2557, 1904, 2142, 2281, 2283, 2291, 2410, 2415, 1787, 1802, 896, 880, 1779, 1861, 598, 557, 569, 589, 572, 659, 553, 435, 518, 382, 463, 347, 904, 887, 1839, 891, 942
271,1101, 2916, 970, 1831, 1683, 1493, 1550, 1903, 2072, 2150, 2177, 2200, 2321, 2352, 898, 1476, 1732, 1520, 1437, 1177, 1606, 1865, 1765, 1712, 1400, 1425, 1020, 190, 493, 531, 341, 1551, 963, 905, 1152, 1754, 622, 1452, 1599, 547, 419, 340, 367, 595, 1138, 464, 939, 1496, 1286, 2644, 2654, 2664, 2670, 2683, 2727, 2748, 2750, 2754, 2786, 2787, 2829, 2857, 2903, 2945, 2947, 2953, 2962, 2981, 3003, 3009, 3011, 3039, 3055, 3056, 3080, 3125, 3158, 3160, 3169, 3183, 3191, 3239, 3247, 3277, 3289, 3314, 3317, 3320, 3342, 3376, 3379, 3070, 3120, 1762, 461, 1357, 425, 1448, 1244, 1617, 431, 607, 1269, 995, 916, 1037, 3906, 3761, 400, 526, 532, 2138, 2463, 2009, 2178, 1315, 1771, 3276, 2633, 2959, 579, 649, 651, 653, 387, 596, 630, 478, 650, 540, 433, 1148, 1379, 1821, 1598, 3148, 3196, 3350, 2762, 447, 3046, 473, 576, 2003, 2201, 2208, 2236, 2488, 2550, 2566, 2595, 2255, 427, 1713, 390, 490, 558, 591, 600, 2861, 3031, 3088, 3308, 2622, 3042, 3237, 3292, 2838, 2892, 2904, 2647, 2888, 3138, 3147, 3171, 3306, 2630, 2705, 3030, 2680, 2704, 2776, 3133, 3322, 3078, 3228, 2798, 2810, 2863, 2693, 2752, 2781, 3355, 2679, 3184, 3257, 3272, 3047, 3137, 3028, 3311, 1507, 2698, 375, 504, 2197, 2368, 2387, 2532, 2586, 2108, 2280, 2325, 1896, 2242, 1988, 2195, 2462, 2467, 2592, 2476, 2286, 2506, 2149, 2246, 2268, 2347, 2601, 2543, 2546, 1950, 1982, 1995, 2036, 2073, 2245, 2285, 2322, 2338, 2382, 2433, 2578, 2042, 2090, 2104, 2413, 2539, 2092, 2349, 2028, 2337, 2423, 2146, 2442, 1882, 2008, 2289, 2024, 2031, 2056, 2247, 2389, 1911, 1994, 2222, 2027, 2018, 2272, 2351, 2103, 2330
399,525, 2637, 2639, 2640, 2642, 2696, 2717, 2764, 2766, 2768, 2799, 2825, 2935, 2954, 2979, 3064, 3068, 3087, 3152, 3261, 3290, 3296, 3359, 266, 34, 1084, 1332, 2697, 2784, 2868, 1728, 1631, 1329, 3167, 1165, 2118, 2449, 2098, 2398, 524, 1866, 2657, 2668, 2691, 2772, 3098, 1522, 543, 559, 593, 597, 638, 646, 655, 554, 403, 1816, 1139, 2965, 3335, 2793, 1174, 1868, 2019, 2152, 2220, 2232, 2404, 2424, 2484, 2089, 1310, 457, 350, 640, 2932, 2950, 2967, 3100, 3108, 3177, 3341, 2755, 2844, 2867, 2948, 2893, 2941, 2977, 3283, 2991, 2815, 2618, 3104, 2703, 2839, 2854, 2958, 3157, 2734, 3185, 3130, 3347, 2726, 2922, 3288, 3363, 3142, 3235, 2886, 3128, 1690, 3141, 3159, 2796, 1060, 346, 920, 2627, 1317, 2257, 2552, 1895, 2565, 2426, 2518, 1901, 2153, 2226, 2057, 2213, 2296, 2087, 2131, 2175, 1984, 2235, 1958, 2083, 2176, 2238, 2538, 1910, 2568, 128, 1996, 2025, 2174, 2207, 2243, 2334, 2339, 2362, 2459, 1897, 2298, 2189, 2320, 1998, 2422, 2372, 2598, 2452, 1937, 2010, 2129, 2460, 2157, 588, 613, 629, 652, 1173, 1131, 1763, 2233, 2300, 2186, 2369, 2590, 2342, 1888, 2110, 2470, 1344, 2021, 2135, 2792, 3117, 3337, 2773, 3023, 2975, 2852, 2869, 2887, 3096, 3221, 2817, 2731, 2828, 3271, 3339, 2614, 2889, 3057, 3097, 3118, 2901, 3231, 2635, 2665, 3129, 3173, 2934, 3123, 3343, 2613, 2859, 2864, 3313, 3318, 2730, 2733, 3007, 3211, 3295, 3325, 3378, 2801, 2729, 3048, 3066, 3105, 3217, 3238, 2780, 3061, 3012, 1390, 486, 2093, 2039, 2542, 2558, 2248, 2144, 3206, 2686, 584, 601, 620, 609, 645, 580, 642, 1053, 3153, 3243, 3366, 2610, 2777, 643, 2035, 2204, 2481, 2221, 2447, 1535, 1909, 1927, 2001, 2105, 2139, 2301, 2327, 2502, 2544, 2015, 2023, 2109, 2211, 2212, 2329, 2336, 2536, 654, 2917, 2615, 2858, 3044, 2908, 3380, 3370, 2699, 2873, 2971, 2942, 2994, 3344, 2625, 2936, 2666, 2980, 3109, 3334, 2632, 3038, 2690, 2877, 2872, 2973, 3187, 3361, 2678, 2735, 2814, 2853, 3036, 2998, 3092, 3274, 2661, 3059, 3268, 2706, 2820, 3001, 3050, 3182, 2711, 3156, 2996, 3197, 2819, 2966, 2702, 3151, 3240, 2811, 3321, 2875, 3019, 2629, 2391, 2271, 2469, 1872, 2431, 2088, 2169, 2249, 2140, 2602, 2430, 2163, 2082, 1976, 2050, 2523, 1915, 2132, 2127, 2154, 2381, 2540, 1874, 1993, 2004, 1935, 2097, 2166, 2215, 1873, 2188, 2501, 1894, 2155, 2261, 2293, 2498, 2591, 2420, 2034, 2165, 1920, 1928, 2319, 2013, 2522, 2343, 2124, 2106, 2559, 1960, 2572, 2065, 2373, 2227
407,1670, 1026, 608, 369, 392, 454, 1465, 2367, 541, 1124, 1435, 610, 2860, 2638, 3008, 3114, 3065, 3069, 2871, 3264, 3208, 3345, 3260, 2623, 2721, 2736, 2849, 3329, 3116, 3205, 3291, 3054, 2385, 2482, 2370, 1949, 2095, 2193, 2282, 2480, 574, 469, 981, 2258, 2584, 1930, 2180, 1458, 458, 2674, 2713, 337, 1038, 2655, 2910, 2842, 3022, 3000, 2813, 3199, 2856, 3143, 3236, 2785, 3162, 2891, 3016, 3294, 3025, 3178, 2985, 2677, 2724, 2906, 2708, 2636, 3346, 3201, 3150, 2894, 1262, 466, 2823, 3027, 586, 527, 3279, 2742, 2831, 2739, 434, 2364, 2530, 2574, 2603, 1999, 2058, 2094, 2259, 2260, 2262, 2279, 2414, 2443, 2457, 2504, 2512, 1939, 1941, 1989, 2014, 2043, 2091, 2371, 2515, 2556, 2531, 436, 3307, 2876, 3331, 2999, 3083, 3099, 3060, 2835, 3095, 2929, 2759, 2845, 2628, 3081, 2822, 3176, 2987, 3224, 2719, 2933, 2914, 3246, 3265, 3035, 3132, 3136, 3103, 3086, 2988, 3149, 410, 2425, 2100, 2168, 2196, 2491, 2315, 2553, 1922, 1940, 2086, 2120, 2198, 2228, 2357, 2383, 2521, 2303, 2206, 2078, 2428, 2579, 1902, 2063, 2160, 2277, 2316, 2164, 2493, 2079, 2427, 2263, 1985, 1943, 2275, 2359, 2099, 2495, 2589, 1983, 2265, 2851, 3174, 3364, 3323, 3193, 291, 106, 2714, 2961, 2952, 2884, 3115, 2940, 3299, 3218, 2782, 623, 637, 561, 605, 635, 2662, 1886, 1905, 1951, 2026, 2038, 2184, 2190, 2210, 2241, 2251, 2333, 2408, 2434, 2524, 2541, 2549, 2576, 2582, 2606, 2312, 2500, 2309, 2402, 2435, 2487, 2555, 2076, 2517, 2231, 3303, 3250, 2840, 2688, 2890, 3360, 3146, 2687, 2925, 2970, 3005, 2794, 3207, 2921, 2918, 2969, 3285, 3233, 2720, 2406, 1959, 2353, 1938, 1955, 148, 2029, 2102, 2399, 2511, 2053, 2450, 2483, 2306, 2510, 2033, 2134, 2048, 2507, 2292, 2429, 2529, 1899, 2194, 2284, 2253, 2332, 2561, 2278, 590, 2525, 1918, 1961, 1869, 3168, 2862, 3242, 2744, 2745, 2751, 2616, 2983, 2692, 3082, 2771, 2789, 3204, 2732, 2937, 2700, 2778, 3377, 3194, 2676, 3203, 3309, 3154, 2885, 3062, 3241, 2909, 2560, 2573, 2380, 566, 619, 2011, 2348, 2067, 2191, 2307, 2440, 2514, 2070, 2363, 1881, 1885, 1945, 2064, 2587, 2183, 2471, 2477, 2526, 1975, 2528, 2045, 2458, 2012, 2143, 2361, 2386, 2047, 658, 2712, 3181, 2915, 2865, 2802, 2821, 2855, 2770, 2926, 2707, 3052, 3374, 3259, 2812, 2790, 3281, 3017, 3040, 2986, 2378, 1987, 2051, 2130, 2141, 1879, 2145, 1919, 2020, 1986, 2416, 2580, 2376, 2412, 2345, 2305, 2472, 2240, 2323, 2421, 2446, 2490, 2451, 2170, 2503, 2436, 2059, 2497, 1898, 2266, 1956, 2608, 2223, 2308, 1870
202,1103, 1235, 2062, 1119, 3284, 2656, 3029, 2990, 2695, 3124, 3330, 3356, 2879, 3532, 2621, 656, 567, 3911, 2989, 3075, 3328, 2756, 3232, 2797, 3338, 3362, 2963, 3094, 3155, 2453, 2167, 2229, 2252, 2505, 1925, 2419, 2417, 1932, 2147, 2096, 2400, 1929, 2441, 2984, 3256, 2982, 2667, 10, 27, 102, 134, 228, 153, 2651, 2597, 2746, 565, 626, 582, 1878, 1923, 1954, 2055, 2115, 2119, 2161, 2239, 2274, 2324, 2331, 2405, 2474, 2516, 2564, 2571, 2577, 2596, 2340, 2455, 1942, 2030, 2203, 1877, 2848, 3278, 2624, 2964, 2673, 3090, 2660, 3213, 2939, 2832, 3248, 2898, 2880, 3223, 3079, 1403, 2071, 2354, 1924, 1907, 1947, 2224, 2551, 2002, 2172, 2360, 2473, 1900, 2162, 2826, 3368, 3033, 3135, 3270, 3220, 3324, 2617, 2728, 2774, 3216, 2949, 1908, 570, 616, 2276, 2287, 2077, 2346, 3112, 3026, 2715, 2718, 2928, 2671, 2244, 2604, 2187, 2344, 2041, 2040, 2288, 1967, 1981, 2250, 2016, 1974, 448, 2753, 2658, 2508, 1845, 3119, 2866, 2896, 2779, 3310, 2905, 2634, 3106, 2182, 2562, 2000, 1953, 3369, 2005, 2081, 2128, 2295, 2534, 2179, 3164, 35, 114, 328, 2955, 1972, 2520, 1916, 2314, 3349, 282, 2475, 2395, 2256, 2496, 3144, 3045, 3015, 2761, 2807, 3139, 2407, 612, 2743, 2912, 2669, 2264, 2593, 2605
142,2723, 2836, 3041, 3244, 2938, 3122, 302, 11, 122, 178, 952, 1965, 634, 1179, 1992, 2017, 2054, 2068, 2217, 2270, 2599, 2609, 3315, 2895, 3304, 3375, 2650, 2824, 2465, 295, 2159, 3300, 2957, 3043, 3166, 3219, 2645, 3084, 2148, 2758, 3192, 1973, 2548, 2219, 2445, 1906, 1112, 3225, 2791, 3301, 3014, 2366, 3058, 2809, 3275, 3327, 3365, 3034, 2710, 3230, 3049, 2709, 2365, 2311, 3175, 2803, 2290, 2612, 311, 327, 238, 560, 604, 2136, 2489, 2060, 2185, 1962, 1936, 1913, 1957, 2052, 2569, 2747, 2694, 2396, 5, 3134, 2806, 1931, 2317, 1883, 2533, 1991, 3915, 3952, 3956, 2318, 2237, 3179, 22, 241, 310, 321, 17, 274, 324, 50, 3267, 581, 2069, 1997, 2074, 2588, 2006, 2156, 2299, 2273, 2527, 2594, 2663, 1978, 2437, 2607, 1875, 1980, 2972, 2439, 2202, 2046, 1887, 1891, 246, 168, 195, 203, 39, 56, 0, 2107, 2294, 2682
106,3229, 2874, 3282, 2225, 3305, 935, 2646, 2767, 3018, 1952, 2675, 3085, 3076, 3245, 2924, 3170, 1921, 1890, 2171, 2350, 2173, 2126, 2114, 2411, 3053, 66, 2084, 3354, 3252, 3251, 641, 1977, 2375, 2409, 2563, 2485, 2927, 3937, 3953, 3962, 221, 2535, 2313, 2466, 3348, 3302, 3102, 2631, 2214, 3371, 2448, 2117, 2151, 2377, 2075, 316, 91, 278, 2121, 3002, 1, 73, 110, 309, 2570, 2355, 2269, 2537, 326, 2401, 2585, 3336, 1946, 2388, 3932, 3921, 3934, 126, 319, 9, 161, 162, 202, 237, 273, 21, 260, 53, 54, 60, 97, 279, 2111, 133, 75, 7, 26, 30, 47, 71, 85, 138, 219, 230, 306, 307
77,2897, 3912, 2684, 2112, 61, 192, 1914, 2032, 2978, 1968, 3180, 2113, 2205, 2513, 213, 304, 263, 3210, 120, 170, 921, 1979, 2379, 3021, 2995, 2649, 2575, 3145, 2740, 18, 2326, 312, 49, 164, 191, 227, 254, 2464, 2037, 1892, 212, 257, 4, 80, 99, 105, 177, 216, 235, 258, 272, 323, 332, 2192, 2567, 261, 2393, 2795, 3943, 1944, 2454, 13, 269, 180, 81, 20, 318, 239, 101, 225, 1871, 211, 220, 300, 173, 36, 139
38,2659, 67, 2125, 3333, 2818, 3215, 188, 1884, 98, 224, 2085, 259, 24, 45, 68, 115, 144, 182, 184, 2310, 1964, 176, 186, 42, 2267, 3, 160, 150, 51, 140, 131, 72, 151, 87, 2509, 78, 32, 129
24,3941, 286, 201, 2044, 284, 305, 157, 250, 77, 290, 243, 187, 2931, 3254, 3163, 166, 79, 217, 172, 63, 189, 255, 2384, 159
20,330, 2209, 1948, 2356, 92, 95, 2397, 1934, 229, 48, 38, 231, 2328, 247, 119, 313, 331, 226, 3298, 196
11,2418, 12, 325, 289, 2499, 204, 59, 169, 2, 107, 94
8,287, 3101, 86, 167, 270, 299, 141, 215
5,16, 136, 2837, 104, 329
5,179, 127, 154, 2956, 3255
5,267, 251, 320, 3367, 2648
3,3262, 209, 3227
4,3258, 2619, 2783, 3253
4,2652, 3326, 2930, 2827
0,
1,2920
0,
0,
0,
0,
0,
