1,3381
22,3396, 3409, 3413, 3417, 3436, 3466, 3564, 3574, 3631, 3633, 3656, 3710, 3756, 3774, 3787, 3820, 3827, 3841, 3877, 3891, 3895, 3904
37,3400, 3411, 3509, 3513, 3521, 3525, 3540, 3602, 3620, 3677, 3697, 3717, 3727, 3730, 3733, 3751, 3761, 3776, 3786, 3797, 3844, 3856, 3859, 3860, 3806, 3773, 3542, 3705, 3614, 3777, 3894, 3422, 3443, 3398, 3785, 3463, 3408
82,3388, 3390, 3394, 3405, 3426, 3441, 3454, 3455, 3468, 3510, 3554, 3571, 3573, 3581, 3587, 3604, 3616, 3660, 3702, 3709, 3712, 3718, 3729, 3738, 3752, 3784, 3792, 3825, 3835, 3836, 3837, 3872, 3889, 3899, 3907, 671, 3870, 3612, 3672, 3527, 3502, 3518, 3630, 3484, 3679, 3575, 3471, 3888, 3597, 3645, 3901, 3549, 3683, 3796, 3739, 3569, 3765, 3642, 3757, 3428, 3800, 3890, 3566, 3780, 3444, 3726, 3898, 3863, 3433, 3617, 3437, 3550, 3482, 3459, 3822, 3791, 833, 3538, 3450, 3496, 3524, 3608
64,3546, 3632, 1050, 3701, 3810, 3619, 3689, 3833, 3440, 3415, 3384, 3793, 3611, 3875, 3903, 3467, 3552, 3503, 3704, 3880, 3501, 3763, 3707, 3725, 3637, 3625, 3638, 3762, 3766, 3840, 3854, 3665, 3883, 3769, 3675, 3383, 3719, 3847, 3387, 3445, 3760, 3650, 3517, 745, 853, 3404, 3460, 3402, 3474, 3770, 3850, 3902, 3475, 3674, 3759, 3499, 3842, 3531, 3640, 3489, 3403, 3734, 3393, 3470
87,3452, 3764, 3536, 3845, 3905, 3477, 3706, 3508, 3584, 3681, 3736, 3610, 3839, 3451, 3802, 3687, 3643, 3506, 3563, 3624, 3427, 3519, 3900, 3456, 3570, 3715, 3869, 3669, 3646, 3653, 3799, 3676, 3740, 3589, 849, 3487, 3824, 3382, 3878, 3448, 3449, 3505, 3410, 3678, 3829, 3397, 3488, 3491, 3846, 3851, 3568, 3690, 3457, 3909, 3627, 3537, 3490, 3392, 3430, 3745, 3447, 3545, 1545, 3828, 3406, 3871, 3723, 3661, 3453, 3492, 3493, 3469, 3817, 3434, 3577, 3795, 3586, 3523, 3803, 3439, 773, 799, 3864, 3395, 3668, 3749, 3716
44,3534, 3476, 3658, 3848, 3879, 3866, 3572, 3657, 3512, 3420, 3595, 718, 747, 843, 844, 3399, 3576, 3559, 3401, 3731, 3556, 3768, 3607, 3688, 3583, 3819, 3591, 3754, 692, 3416, 3649, 3789, 3483, 3511, 3462, 3753, 3621, 3515, 3533, 3691, 3772, 3699, 3663, 800
53,3805, 3514, 3838, 3857, 3555, 3807, 3815, 3553, 3596, 3693, 3588, 817, 835, 3714, 3862, 3741, 3722, 3438, 3667, 3695, 3758, 3654, 3648, 3694, 3735, 3767, 3868, 1635, 1760, 1268, 3700, 3606, 814, 795, 3497, 3892, 3548, 3641, 3528, 3442, 757, 670, 688, 796, 815, 825, 845, 3386, 812, 3495, 3906, 696, 697
49,3543, 3480, 3598, 3813, 842, 3692, 3532, 3748, 3407, 3696, 3685, 3424, 3662, 3529, 802, 760, 792, 669, 3623, 3425, 3615, 809, 704, 727, 752, 3873, 3655, 1683, 1381, 1286, 1393, 1514, 3746, 666, 714, 3771, 3843, 3720, 668, 678, 700, 733, 777, 682, 749, 720, 739, 662, 725
48,801, 782, 838, 821, 681, 786, 798, 743, 100, 1321, 1470, 1644, 1665, 735, 667, 676, 779, 3582, 3908, 3603, 3775, 3412, 715, 3703, 3728, 3539, 661, 721, 736, 775, 3461, 664, 810, 1453, 1127, 1370, 1613, 1763, 935, 699, 767, 660, 790, 691, 712, 686, 724, 754
84,3516, 728, 753, 3558, 3481, 3711, 1550, 1598, 1662, 1822, 3636, 742, 820, 791, 806, 3790, 3560, 3478, 3853, 751, 787, 701, 3826, 955, 1572, 1212, 710, 765, 854, 738, 683, 770, 563, 863, 983, 987, 1016, 1063, 1088, 1091, 1096, 1104, 1109, 1146, 1159, 1160, 1176, 1236, 1382, 1392, 1444, 1445, 1477, 1494, 1512, 1530, 1584, 1589, 1602, 1643, 1673, 1714, 1718, 1731, 1745, 1759, 1807, 1812, 1818, 875, 746, 828, 703, 996, 1519, 998, 1782, 673, 693, 723, 797, 764, 694, 674
181,3585, 3520, 807, 1641, 1244, 744, 803, 750, 794, 707, 783, 859, 459, 872, 892, 902, 910, 915, 941, 970, 976, 992, 993, 1017, 1048, 1059, 1114, 1144, 1173, 1175, 1217, 1251, 1278, 1283, 1315, 1376, 1390, 1402, 1417, 1428, 1473, 1480, 1498, 1506, 1509, 1510, 1515, 1520, 1553, 1605, 1610, 1612, 1645, 1684, 1694, 1702, 1723, 1734, 1746, 1775, 1790, 1798, 1836, 1865, 52, 1676, 1107, 1289, 1405, 756, 1715, 1062, 1808, 2775, 3222, 1655, 711, 690, 769, 771, 730, 695, 781, 1525, 677, 717, 819, 3565, 3110, 3272, 822, 737, 1198, 480, 522, 946, 1190, 1356, 1438, 1689, 1740, 1747, 1454, 1781, 1855, 1121, 1587, 865, 934, 1555, 1609, 1619, 1228, 1338, 1546, 1578, 1776, 975, 1301, 1562, 1620, 1756, 1844, 1043, 1044, 1051, 1087, 1125, 920, 1567, 1785, 1067, 1316, 1001, 1032, 1064, 1192, 1594, 1041, 1057, 1380, 163, 1640, 1518, 1642, 1761, 897, 962, 1349, 994, 1013, 1239, 1703, 882, 945, 1350, 1481, 1485, 1656, 1396, 1827, 1828, 614, 1340, 1842, 1089, 1108, 1147, 1300, 1362, 1600, 1799, 1488, 1867, 1725, 1547, 1571, 1238, 1235, 1330, 1654
383,884, 887, 914, 923, 948, 965, 1035, 1046, 1068, 1074, 1077, 1129, 1141, 1174, 1225, 1240, 1242, 1247, 1252, 1253, 1266, 1280, 1281, 1287, 1294, 1334, 1375, 1395, 1408, 1409, 1430, 1441, 1462, 1474, 1504, 1517, 1536, 1538, 1551, 1552, 1559, 1625, 1631, 1721, 1733, 1764, 1765, 1831, 1859, 1860, 1862, 1136, 1493, 3618, 766, 893, 2831, 768, 732, 826, 687, 956, 1633, 3547, 1149, 789, 901, 1335, 468, 954, 1047, 1306, 1708, 1804, 1186, 1527, 1234, 1277, 1439, 1854, 1579, 1687, 1750, 1624, 1707, 1709, 1795, 1805, 1010, 1230, 1528, 1455, 1772, 1592, 1137, 1233, 1133, 1577, 1313, 1211, 1482, 1780, 1491, 1085, 1279, 1221, 1677, 1434, 958, 982, 1161, 1024, 1065, 1111, 1124, 1172, 1204, 1524, 1565, 932, 1288, 1583, 1755, 968, 1496, 772, 2694, 2697, 2698, 2715, 2759, 2778, 2781, 2782, 2784, 2791, 2810, 2814, 2820, 2824, 2833, 2842, 2895, 2931, 2940, 2973, 2978, 3011, 3064, 3091, 3107, 3136, 3139, 3149, 3151, 3168, 3209, 3214, 3217, 3227, 3246, 3268, 3293, 3323, 3349, 3366, 3379, 778, 475, 542, 379, 427, 436, 1157, 1295, 1487, 1489, 348, 1466, 1570, 1002, 1122, 864, 1710, 991, 1413, 1437, 1857, 1302, 1626, 918, 1232, 1250, 1789, 1791, 1103, 1154, 1166, 1835, 1095, 989, 1569, 1669, 1845, 1073, 1197, 1323, 1573, 351, 587, 1773, 1541, 1858, 1071, 1115, 1337, 1561, 1757, 1351, 1815, 974, 1182, 1531, 1793, 870, 1671, 1783, 873, 1143, 1516, 980, 578, 1328, 1353, 1475, 1681, 1424, 1563, 1817, 1823, 969, 1497, 1325, 1081, 1359, 1291, 1442, 1468, 957, 1679, 988, 2774, 3207, 740, 3103, 405, 549, 373, 1398, 1849, 1206, 979, 997, 1411, 1843, 1145, 1196, 1066, 919, 1025, 1540, 1188, 1271, 1738, 1207, 1432, 1072, 1222, 1249, 1391, 1529, 1305, 1420, 1664, 1837, 510, 911, 943, 1093, 1290, 1596, 1722, 1371, 1426, 1501, 1513, 1508, 939, 1554, 1698, 1770, 1847, 1158, 1521, 1739, 925, 1118, 1142, 1178, 1331, 1443, 1557, 1296, 1479, 1106, 1387, 890, 1729, 1199, 1678, 1243, 1666, 1150, 1364, 1585, 1593, 972, 1422, 1548, 1152, 1820, 1326, 2653, 2951, 1021, 1728, 874, 1241, 1292, 971, 1566, 1076, 1014, 1170, 1753, 1784, 947, 1660, 906, 966, 990, 1787, 497, 1534, 1183, 1646, 1284, 1691, 1263, 1574, 1580, 1322, 1341, 1680, 1532, 1727, 1112, 1400, 1821, 1856, 899, 1226, 1472, 1542, 1086, 1311, 1343, 1672, 1797, 869, 1083, 885, 1298
376,1774, 1140, 816, 2627, 2889, 1636, 1461, 1743, 908, 1618, 1450, 1055, 1616, 1742, 1832, 1060, 1218, 1262, 1803, 1151, 1576, 583, 896, 1373, 1216, 1786, 1407, 1688, 846, 708, 2620, 2643, 2684, 2700, 2702, 2710, 2712, 2735, 2758, 2794, 2806, 2841, 2871, 2910, 2912, 2924, 2938, 3022, 3031, 3033, 3073, 3086, 3112, 3147, 3158, 3163, 3167, 3172, 3188, 3200, 3206, 3236, 3239, 3261, 3269, 3270, 3286, 3289, 3315, 3360, 3362, 3363, 3380, 1385, 377, 424, 1657, 1260, 1682, 1622, 1191, 924, 912, 1801, 1813, 1079, 1767, 1833, 964, 617, 413, 931, 1369, 1026, 1099, 2626, 1623, 1819, 824, 3242, 501, 1368, 394, 408, 467, 509, 521, 1777, 1568, 1386, 1366, 1686, 1463, 1850, 986, 1267, 959, 1006, 1027, 1220, 1414, 1168, 1752, 1312, 1824, 1377, 1607, 1153, 1367, 1039, 1203, 1167, 883, 1419, 1637, 1711, 985, 1126, 1674, 1019, 1040, 374, 1499, 1139, 1285, 1383, 652, 1045, 1389, 1628, 1701, 363, 484, 1110, 1692, 1399, 1766, 1560, 1098, 1768, 1163, 1604, 1120, 1864, 1061, 1148, 1744, 1246, 1257, 1495, 1735, 1838, 1078, 1361, 1310, 1630, 1634, 1663, 929, 904, 1614, 940, 2667, 1651, 1274, 1261, 1318, 1465, 360, 383, 1259, 1699, 930, 917, 1348, 1180, 1273, 1447, 1581, 1056, 1748, 1080, 1299, 1346, 909, 1358, 1802, 1816, 1005, 878, 1406, 942, 1219, 1429, 1254, 1792, 960, 1771, 1012, 3120, 2729, 2884, 2996, 3121, 2651, 3003, 2815, 2835, 3100, 3114, 3177, 2975, 2823, 3211, 2687, 2942, 2860, 3307, 3370, 2764, 2987, 3012, 3044, 3058, 3125, 3218, 3276, 2899, 3312, 3146, 2849, 2885, 2921, 3030, 3069, 2613, 2706, 2970, 2980, 2611, 2886, 2953, 3241, 3257, 2950, 3016, 3108, 3341, 3322, 3028, 3039, 2671, 3123, 3300, 2637, 2717, 2894, 3334, 2703, 2708, 3088, 2673, 3310, 3027, 3205, 2904, 774, 376, 526, 657, 338, 447, 388, 397, 404, 1853, 476, 1471, 1649, 334, 1084, 1632, 886, 891, 1476, 1004, 1595, 1031, 1693, 1363, 536, 1588, 1800, 928, 1446, 445, 1675, 1208, 1806, 1009, 1275, 1248, 1478, 1639, 651, 557, 1293, 1320, 1603, 1397, 1416, 1282, 1177, 2792, 2793, 3294, 3014, 361, 415, 498, 434, 481, 949, 1264, 907, 1769, 1448, 984, 1327, 1591, 1539, 1863, 1187, 1667, 1627, 1135, 963, 546, 1483, 1034, 1308, 1459, 1648, 1544, 1134, 937, 933, 1128, 1653, 627, 644, 402, 1841, 1015, 1155, 1575
373,3414, 2644, 2658, 2666, 2688, 2689, 2754, 2802, 2808, 2832, 2845, 2851, 2852, 2872, 2874, 2927, 2976, 3001, 3029, 3181, 3223, 3226, 3231, 3243, 3256, 3258, 3299, 3378, 1599, 507, 419, 458, 895, 879, 1700, 953, 1851, 1324, 1507, 1533, 1652, 1460, 916, 3376, 1345, 731, 3742, 1184, 385, 1840, 1276, 1440, 1834, 1033, 1117, 1132, 1265, 1297, 1329, 1092, 1303, 142, 1778, 653, 573, 1336, 938, 867, 1659, 1737, 1661, 1352, 1255, 913, 1690, 1097, 1102, 1484, 877, 1685, 905, 1431, 3192, 706, 663, 1658, 421, 1796, 1008, 1601, 1042, 1814, 2788, 2988, 3063, 3196, 2636, 2726, 2922, 2994, 2855, 2858, 3032, 3229, 2797, 3025, 3061, 3232, 2777, 2630, 2693, 3377, 2838, 2863, 3024, 3159, 2691, 3291, 3325, 3081, 3321, 3018, 3274, 3303, 2617, 2623, 2739, 2812, 2868, 2971, 3038, 3143, 2829, 2941, 3182, 3237, 705, 389, 440, 495, 503, 530, 380, 387, 1319, 1418, 499, 1357, 358, 1615, 1100, 639, 1194, 571, 1754, 3008, 3023, 2730, 382, 529, 449, 1270, 1404, 889, 1028, 1839, 1423, 1726, 1606, 1388, 1629, 881, 1829, 1070, 1830, 1181, 1502, 472, 1227, 922, 1123, 2771, 1090, 1695, 607, 1866, 2776, 3194, 2629, 3119, 3235, 2742, 3066, 3078, 2665, 2669, 2892, 2948, 3065, 3036, 2862, 3264, 3271, 2773, 3216, 2621, 2727, 2654, 3132, 3197, 3309, 3219, 2935, 3060, 3083, 2818, 2882, 2679, 2866, 3082, 3275, 1365, 2930, 2944, 2811, 3140, 339, 355, 1094, 1189, 1209, 508, 3130, 1522, 423, 370, 1415, 1720, 407, 416, 457, 550, 471, 1590, 1451, 502, 1245, 466, 353, 505, 1427, 1558, 903, 1751, 1788, 3180, 1054, 1705, 2722, 3118, 3007, 2745, 3224, 2736, 3343, 2647, 2822, 3314, 2779, 2848, 2967, 2949, 3009, 3062, 3096, 3202, 2610, 2657, 2819, 3295, 3169, 2873, 2962, 3187, 3328, 2632, 2854, 2618, 3361, 2622, 2798, 2844, 2896, 3042, 2628, 2857, 2864, 3176, 3171, 2917, 3133, 3052, 2660, 2724, 2937, 3375, 3098, 3265, 3304, 3076, 2678, 2731, 2952, 3331, 2893, 3238, 2625, 2821, 2828, 3054, 2732, 3287, 3059, 2668, 3115, 3148, 2751, 2961, 3128, 3184, 2789, 2957, 2900, 2695, 3359, 2677, 3015, 3129, 523, 352, 400, 463, 488, 455, 390, 395, 453, 516, 525, 555, 491, 2178, 2222, 2459, 606, 574, 1523, 1384, 3347, 2772, 3116, 2767, 473, 341, 511, 399, 442, 401, 1309, 528, 646, 492, 544
295,1638, 1706, 1082, 1697, 977, 1526, 1360, 1344, 1535, 2713, 785, 1826, 1762, 1500, 1736, 689, 3228, 2801, 3017, 3350, 2743, 3278, 3279, 3075, 2960, 2887, 3175, 3306, 2699, 3122, 3189, 2969, 3262, 3326, 2652, 3285, 2839, 2853, 2908, 3290, 3308, 1724, 1037, 1049, 1332, 3021, 2795, 3043, 1342, 1029, 1730, 1205, 1269, 1007, 2934, 2880, 2817, 2875, 3026, 2837, 2790, 2707, 3340, 2959, 3199, 2624, 3093, 3324, 3369, 2664, 2746, 2646, 3190, 3288, 2981, 3356, 3049, 2714, 2966, 1171, 417, 1486, 478, 1378, 489, 978, 659, 598, 585, 532, 477, 1193, 927, 3240, 520, 1467, 1394, 1556, 2898, 3035, 3084, 3318, 2879, 2686, 1464, 3046, 3152, 3355, 2747, 2983, 2914, 2859, 2876, 2933, 3095, 2825, 3245, 2704, 2733, 3319, 2986, 2881, 3106, 2867, 2785, 2721, 3267, 2642, 3179, 3250, 3260, 3301, 2965, 3173, 3344, 2655, 2690, 650, 553, 454, 494, 344, 496, 384, 386, 410, 443, 464, 611, 1412, 1617, 1903, 2082, 2106, 2157, 2201, 2372, 1202, 629, 1586, 3057, 435, 393, 950, 392, 539, 3358, 3019, 3247, 2749, 3282, 3371, 2891, 2999, 3297, 2998, 3005, 2633, 1511, 518, 465, 868, 1704, 880, 430, 120, 936, 741, 622, 2800, 2939, 3183, 2692, 3364, 3094, 3174, 2936, 2705, 2616, 2918, 3296, 3048, 2915, 3203, 3144, 2974, 3283, 490, 540, 531, 1848, 586, 602, 403, 500, 354, 2780, 1716, 656, 597, 2865, 2753, 2982, 3141, 3208, 3374, 3329, 2964, 3313, 1503, 2639, 444, 345, 2682, 633, 487, 469, 1490, 3204, 2615, 3079, 2840, 2631, 3157, 3221, 2909, 3165, 3338, 2977, 2663, 3273, 3154, 3277, 3198, 3365, 3335, 2906, 513, 551, 422, 451, 504, 2221, 2297, 2460, 2463, 2566, 2098, 2144, 2153, 2177, 2338, 2347, 2489, 2195, 2521, 1911, 1995, 2024, 2036, 2089, 2289, 2300, 588, 596, 631, 1852, 2903, 3170, 2649, 519, 340, 628, 538, 411
276,1053, 1272, 855, 2645, 3047, 2888, 2869, 2720, 3348, 2661, 2993, 429, 2919, 2913, 621, 1713, 1825, 613, 439, 1339, 1256, 1314, 1237, 1210, 1379, 3092, 3156, 2826, 3053, 3330, 2769, 2928, 3292, 2861, 2985, 3056, 2932, 3097, 2958, 2755, 3252, 398, 366, 347, 367, 406, 431, 30, 543, 512, 572, 1876, 1959, 2193, 2539, 1492, 2734, 569, 346, 1058, 343, 592, 3251, 3354, 2674, 3090, 2989, 3178, 1456, 1741, 2709, 111, 3327, 2990, 755, 894, 2719, 3201, 2680, 3193, 2614, 2955, 3339, 811, 336, 381, 482, 486, 541, 357, 372, 556, 558, 1229, 2807, 2877, 3191, 2765, 3337, 3373, 2968, 3135, 3085, 2612, 3336, 3117, 2979, 3253, 2827, 3104, 2760, 2925, 2901, 3230, 3138, 3050, 2890, 3055, 2836, 2662, 364, 2226, 2281, 2027, 2103, 2422, 2449, 1998, 2169, 2057, 2072, 2280, 2291, 2325, 2389, 594, 570, 412, 584, 605, 2135, 2417, 2461, 2518, 2648, 2907, 2783, 1131, 3070, 1304, 951, 2991, 2716, 3153, 2762, 2650, 2916, 2813, 2816, 888, 1436, 2638, 2752, 2947, 3305, 515, 1984, 2152, 2538, 2601, 2330, 1901, 2415, 2308, 2410, 2431, 1904, 1963, 1966, 2532, 2066, 2275, 359, 1023, 50, 805, 3099, 600, 2799, 3124, 3353, 479, 2255, 2257, 2488, 1926, 2090, 2186, 2352, 2391, 2470, 2462, 2495, 2149, 2452, 1988, 2380, 2426, 2602, 1882, 2056, 2150, 2235, 2131, 2598, 1877, 1910, 1957, 2083, 2337, 2560, 1920, 2042, 2242, 2522, 2129, 2208, 2398, 2108, 2146, 2494, 2003, 2021, 2028, 2272, 2589, 1875, 1928, 2317, 2236, 1897, 2138, 2286, 2268, 2542, 2546, 2506, 2092, 2246, 2285, 2321, 2368, 2387, 2404, 2413, 2557, 1937, 1915, 2013, 2296, 2370, 1994, 2203, 2340, 2367, 2421, 2553, 2592, 1885, 1940, 1941, 2134, 595, 630, 567, 420
253,2870, 3034, 3263, 335, 1215, 3248, 3137, 3013, 2676, 3164, 762, 562, 2943, 2761, 3233, 2997, 524, 3429, 461, 3131, 2856, 2298, 2010, 2093, 1868, 1974, 1425, 2591, 3134, 3040, 3255, 3102, 1670, 2897, 1758, 2442, 2484, 2480, 2315, 2469, 2508, 2104, 579, 3041, 658, 608, 580, 2711, 1116, 437, 350, 1958, 2008, 2547, 2256, 2565, 2142, 2247, 2385, 2204, 2218, 2087, 1884, 1891, 1929, 1947, 2071, 2373, 2351, 1985, 1896, 1982, 2309, 2323, 2481, 2523, 2543, 2604, 1922, 2029, 2033, 2050, 2067, 2252, 2905, 776, 2635, 506, 552, 3160, 3284, 409, 474, 1950, 2304, 2197, 2343, 441, 258, 0, 1, 44, 2659, 3372, 3259, 3244, 1895, 2031, 2088, 2578, 2287, 2124, 2233, 2584, 1943, 2164, 2511, 2558, 2200, 2080, 2018, 2065, 1872, 2189, 2369, 2047, 2232, 134, 161, 279, 26, 716, 2011, 2430, 2245, 2332, 2040, 2100, 2141, 2493, 2097, 2175, 2220, 2423, 2238, 2099, 2196, 1879, 2569, 2606, 1913, 1954, 1908, 2116, 2564, 1999, 2038, 2293, 2419, 2457, 2555, 1987, 1925, 1888, 2498, 2213, 2009, 2015, 2034, 2070, 2334, 2148, 2350, 2424, 2467, 1934, 2227, 2519, 2353, 1883, 1960, 2250, 2318, 2411, 2535, 2609, 2017, 2400, 2585, 1980, 2544, 128, 2110, 1989, 2076, 2262, 2322, 2412, 2433, 2490, 2540, 2568, 2054, 2319, 2271, 2476, 2344, 2023, 2376, 2477, 2497, 2500, 2514, 2002, 2458, 1899, 1942, 2261, 2277, 2305, 2571, 2603, 1909, 1939, 2073, 2109, 2243, 2307, 2414, 2451, 2077, 2154, 2187, 2436, 2512, 1949, 2016, 2086, 2139, 2228, 2231, 2487, 1881, 1898, 2162, 2183, 2357, 2502, 2507, 1894, 2316, 2550, 642
236,2920, 3101, 3185, 446, 1421, 3155, 2929, 426, 527, 2283, 1869, 162, 3346, 2768, 2672, 1403, 2382, 1924, 1938, 2573, 2155, 2174, 2740, 433, 548, 3210, 356, 2406, 2278, 300, 311, 2770, 2804, 2561, 2559, 2420, 2473, 2248, 2402, 68, 284, 310, 2118, 2051, 2407, 2159, 2266, 1907, 2331, 2156, 1981, 2576, 1932, 2366, 2572, 2001, 2045, 2143, 2276, 2279, 2339, 2443, 2117, 2173, 2270, 2600, 2263, 2552, 1900, 2096, 2165, 2548, 2525, 2549, 1945, 1977, 2058, 2145, 2147, 1962, 2043, 2472, 2515, 2453, 2176, 2180, 1975, 2383, 1935, 2063, 2229, 2306, 2194, 2260, 2574, 2587, 2053, 2078, 2095, 1986, 2503, 2504, 2329, 2362, 2386, 2450, 2524, 2079, 2282, 2361, 2562, 610, 3893, 2447, 1930, 2030, 2084, 2190, 2274, 2375, 2384, 2409, 2474, 2492, 1969, 2619, 2172, 2354, 2531, 2039, 1902, 2025, 2094, 2020, 2363, 2105, 2167, 2360, 1927, 2012, 2170, 2019, 2064, 2529, 2536, 2059, 2416, 1993, 2253, 2312, 2501, 2505, 2595, 2381, 74, 19, 66, 71, 82, 83, 88, 95, 118, 121, 136, 156, 185, 199, 214, 295, 42, 321, 2756, 2130, 2468, 2301, 2440, 1996, 2554, 2160, 192, 228, 133, 2517, 2551, 2284, 2435, 2556, 1918, 2215, 2491, 2114, 1951, 2211, 2455, 2191, 2292, 2345, 2446, 2471, 2127, 2198, 1953, 2359, 2348, 2371, 1961, 2119, 2179, 2608, 1965, 2533, 2014, 302, 2596, 2048, 2120, 2483, 2399, 2510, 2166, 2580, 1874, 2041, 2528, 2188, 2579, 2327, 2259, 2466, 2207, 1873, 1976, 1919, 2429, 2541
148,834, 591, 470, 2911, 191, 305, 2902, 3166, 414, 654, 641, 2796, 3074, 2336, 2249, 114, 124, 178, 180, 290, 2168, 2482, 2320, 2563, 1921, 2126, 2046, 1916, 2244, 2121, 2324, 1931, 2594, 2607, 2112, 1967, 1983, 1936, 2163, 2396, 2216, 2428, 1213, 3266, 2744, 1917, 1923, 1968, 2005, 2044, 2052, 2060, 2210, 2217, 2265, 2418, 2537, 2378, 601, 2346, 2225, 2597, 2582, 832, 702, 58, 59, 61, 73, 81, 98, 105, 146, 147, 171, 176, 236, 239, 240, 253, 329, 2718, 2992, 2349, 2185, 2224, 2342, 225, 260, 54, 160, 247, 2294, 2303, 2223, 1887, 1956, 2237, 2290, 1978, 1972, 2000, 2241, 2264, 2526, 2240, 177, 1317, 2091, 195, 3045, 1992, 78, 291, 17, 2393, 2570, 2081, 2182, 2205, 2445, 2588, 1870, 2405, 2379, 2314, 2401, 2577, 2364, 2516, 2212, 2427, 2395, 55, 264, 316, 203, 34, 21, 201, 9, 1906, 47, 241, 266, 1955, 2302, 2102
103,3281, 603, 2696, 2258, 2388, 2567, 2586, 2299, 2441, 852, 5, 24, 62, 76, 125, 166, 169, 182, 215, 234, 270, 281, 319, 326, 2219, 75, 117, 7, 10, 2101, 2074, 1914, 325, 2032, 2161, 2397, 3367, 212, 425, 57, 327, 3, 2581, 2593, 2575, 2022, 2004, 2534, 620, 2527, 2075, 2214, 2295, 2288, 1948, 261, 4, 139, 67, 299, 135, 172, 274, 309, 72, 115, 2037, 2111, 246, 2496, 11, 609, 2683, 269, 298, 278, 331, 2355, 2439, 2267, 1892, 726, 97, 153, 231, 25, 16, 63, 328, 35, 106, 126, 102, 202, 1991, 2113, 207, 164, 213, 250, 237, 60, 18
62,3010, 2464, 227, 110, 2590, 2311, 2341, 2085, 2310, 1889, 2437, 45, 306, 51, 223, 649, 634, 148, 27, 2509, 2115, 2358, 1878, 287, 149, 2738, 2675, 2069, 140, 254, 312, 333, 2136, 2377, 2007, 2062, 2425, 99, 89, 211, 282, 2513, 216, 13, 77, 220, 33, 235, 1944, 170, 132, 143, 221, 2520, 122, 638, 645, 168, 2128, 186, 96, 257
34,301, 2068, 1946, 1886, 2313, 2125, 296, 2192, 49, 2392, 2486, 80, 91, 107, 218, 2026, 2485, 189, 232, 31, 210, 70, 53, 2209, 619, 2356, 1871, 2365, 2605, 267, 226, 2599, 204, 581
19,36, 1970, 2465, 187, 179, 255, 2239, 858, 196, 263, 285, 1971, 2448, 582, 2847, 92, 94, 32, 129
16,2273, 289, 565, 604, 15, 635, 307, 2199, 265, 127, 2326, 86, 297, 188, 317, 87
9,2454, 2432, 2, 323, 560, 20, 56, 286, 332
5,655, 637, 561, 101, 243
5,626, 616, 14, 623, 566
3,108, 320, 85
1,273
1,154
1,131
0,
0,
0,
0,
0,
