1,3381
25,3405, 3436, 3463, 3486, 3525, 3549, 3564, 3569, 3604, 3642, 3646, 3656, 3673, 3692, 3701, 3734, 3751, 3774, 3832, 3838, 3841, 3853, 3871, 3874, 3905
23,3428, 3854, 3894, 3534, 3700, 3729, 3652, 3870, 3898, 3460, 3484, 3610, 3540, 3860, 3443, 3574, 3624, 3660, 3687, 3512, 3615, 3771, 3602
32,3833, 3649, 3505, 3840, 3399, 3430, 3519, 3537, 3550, 3594, 3675, 3766, 3863, 3392, 3487, 3545, 3627, 3485, 3787, 3469, 3437, 3672, 3725, 3777, 3438, 3462, 3733, 3489, 3772, 3889, 3896, 3407
33,3768, 3654, 3800, 3531, 3470, 3598, 3727, 3810, 3717, 3395, 3793, 3517, 3817, 3427, 3740, 3617, 3763, 3880, 3393, 3736, 3581, 3413, 3514, 3637, 3384, 3900, 3398, 3482, 3566, 3418, 3461, 3648, 3641
17,3907, 3795, 3824, 3439, 3846, 3499, 3552, 3445, 3759, 3576, 3786, 3546, 3903, 3859, 3699, 3612, 3851
7,3789, 3872, 3668, 3791, 3417, 3693, 3633
3,3596, 3632, 3902
2,3776, 3806
2,3527, 3835
1,3697
1,3765
2,3421, 3609
2,3831, 3444
2,3522, 3640
1,3554
2,3580, 3590
0,
0,
0,
0,
0,
