1,3381
29,3446, 3469, 3486, 3489, 3515, 3532, 3541, 3551, 3554, 3581, 3596, 3601, 3668, 3718, 3720, 3724, 3732, 3747, 3761, 3773, 3774, 3785, 3826, 3865, 3881, 3883, 3890, 3896, 671
51,3389, 3429, 3471, 3477, 3479, 3484, 3496, 3503, 3517, 3545, 3550, 3583, 3592, 3593, 3594, 3626, 3642, 3649, 3656, 3661, 3690, 3701, 3751, 3789, 3797, 3810, 3843, 3855, 3863, 3898, 3617, 3740, 3730, 3511, 3675, 3793, 3776, 3862, 3759, 3857, 3731, 3460, 3537, 3386, 3557, 3500, 3611, 830, 831, 842, 847
62,3436, 3448, 3519, 3576, 3585, 3600, 3615, 3632, 3669, 3677, 3705, 3750, 3753, 3754, 3757, 3772, 3839, 3859, 3470, 3552, 3614, 3885, 3522, 3901, 3763, 3540, 3771, 3713, 861, 670, 3681, 3508, 3441, 3485, 3647, 3739, 3791, 3574, 3787, 3692, 3610, 3495, 3710, 3715, 3795, 3809, 3549, 3854, 3457, 3444, 3875, 3624, 3786, 3699, 3717, 3467, 3803, 3833, 3846, 3700, 3722, 3842
101,3399, 3403, 3428, 3523, 3542, 3559, 3589, 3605, 3620, 3637, 3672, 3728, 3831, 3872, 3878, 3904, 1050, 3817, 3445, 3546, 3765, 3595, 3573, 3645, 3417, 3539, 3625, 3385, 3587, 3899, 3853, 797, 3480, 3764, 3402, 3410, 3799, 3820, 3627, 3660, 3422, 3394, 3555, 3499, 3570, 3770, 3840, 3800, 3398, 3439, 3736, 3487, 3746, 3534, 3633, 3450, 3531, 3538, 3873, 3650, 3453, 3561, 3723, 3405, 3435, 3696, 3711, 3804, 3427, 3498, 3719, 3387, 3621, 3430, 3413, 3894, 3525, 3870, 3412, 674, 750, 773, 859, 3509, 3491, 3456, 3756, 3558, 3697, 3426, 3727, 3397, 3440, 3880, 3392, 3384, 3693, 3780, 3404, 3584, 3451
72,3472, 3768, 3760, 3687, 3518, 3830, 3824, 3835, 3657, 771, 775, 854, 3438, 3893, 3877, 3406, 3416, 3449, 3802, 3822, 3443, 3468, 3678, 3708, 3864, 3721, 3434, 3475, 3568, 3889, 3706, 739, 796, 3903, 3667, 3447, 3577, 3806, 3433, 3401, 3643, 3766, 3734, 3612, 1062, 3504, 3801, 3652, 3463, 3673, 829, 3393, 3900, 3829, 3564, 3658, 3482, 3906, 3676, 3888, 3569, 3466, 699, 823, 718, 3597, 3529, 3654, 3777, 3395, 3907, 3653
72,3714, 3408, 3514, 3725, 3819, 3738, 3689, 3702, 3556, 3851, 851, 838, 3623, 3648, 3755, 3630, 3476, 3501, 3458, 3695, 3729, 3442, 694, 3474, 833, 3603, 3879, 3646, 3745, 3528, 1053, 1127, 3421, 3437, 3527, 3478, 3685, 3636, 3571, 3575, 3892, 3382, 3866, 3566, 3415, 3838, 3544, 804, 678, 743, 3860, 3608, 3758, 3418, 744, 692, 3638, 3591, 3674, 3586, 1493, 3424, 3709, 3665, 3698, 727, 806, 817, 668, 763, 786, 3841
67,3510, 3461, 700, 733, 777, 3607, 3598, 3420, 1676, 1822, 3704, 3848, 3553, 3651, 802, 783, 825, 662, 3850, 3814, 3425, 3459, 3505, 798, 707, 725, 732, 820, 3748, 3492, 3861, 1623, 3562, 3869, 3497, 784, 800, 767, 3411, 3512, 3659, 3506, 3876, 3852, 1330, 1675, 3543, 3664, 3742, 710, 801, 756, 723, 762, 741, 745, 772, 821, 667, 1103, 1133, 1135, 3716, 691, 711, 799, 735
63,3811, 1525, 1760, 100, 3902, 3629, 3572, 3837, 3520, 3481, 753, 3622, 3400, 760, 843, 3712, 809, 697, 1289, 996, 749, 3845, 3703, 3548, 693, 688, 714, 746, 780, 774, 704, 706, 819, 720, 1803, 660, 791, 793, 754, 686, 2831, 1401, 757, 3897, 3816, 1140, 1888, 2140, 2152, 2222, 2321, 2461, 1574, 1654, 3825, 664, 1042, 1528, 1570, 897, 747, 684, 795
185,3905, 690, 550, 807, 3868, 1464, 3533, 731, 3783, 3812, 3582, 3908, 3452, 778, 728, 789, 681, 1599, 1644, 1278, 782, 3813, 826, 803, 816, 875, 661, 751, 808, 814, 729, 3057, 1020, 3465, 1808, 1802, 1865, 2124, 2347, 2591, 128, 1659, 766, 1410, 2775, 1175, 1292, 1622, 1664, 1824, 879, 962, 963, 1021, 1081, 770, 399, 468, 510, 880, 916, 926, 934, 953, 965, 976, 1003, 1017, 1027, 1065, 1095, 1099, 1104, 1109, 1136, 1137, 1185, 1214, 1219, 1227, 1229, 1237, 1259, 1268, 1281, 1314, 1315, 1356, 1360, 1375, 1400, 1427, 1428, 1436, 1441, 1472, 1477, 1487, 1496, 1516, 1566, 1573, 1585, 1619, 1645, 1658, 1686, 1690, 1692, 1728, 1741, 1745, 1758, 1783, 1840, 1844, 712, 856, 3782, 787, 810, 1321, 1545, 687, 812, 737, 1298, 3535, 2008, 2106, 2242, 2245, 2255, 2286, 2337, 2422, 2003, 2236, 2370, 2449, 2108, 2126, 2135, 2186, 2506, 1988, 1995, 2104, 2118, 2180, 2247, 2467, 2494, 2557, 2592, 1984, 2103, 2129, 2349, 1600, 1703, 1746, 912, 969, 1547, 1569, 1578, 1671, 1674, 1687, 890, 1241, 1391, 1420, 1468, 1594, 1640, 1757, 925, 1263, 1489, 1118, 1732, 1799, 765
428,3887, 956, 3580, 1715, 2713, 682, 676, 815, 1235, 717, 3462, 3207, 1439, 1542, 1518, 1737, 1819, 2201, 2289, 2297, 2404, 2442, 2459, 2598, 1295, 1313, 1425, 1575, 715, 1864, 1161, 1290, 1291, 1498, 1567, 1798, 994, 785, 1550, 1514, 1244, 348, 351, 459, 900, 906, 985, 995, 1019, 1022, 1079, 1108, 1110, 1112, 1142, 1143, 1176, 1182, 1194, 1213, 1248, 1275, 1316, 1319, 1367, 1376, 1398, 1442, 1449, 1458, 1476, 1521, 1543, 1557, 1590, 1631, 1677, 1695, 1713, 1734, 1739, 1807, 1845, 736, 709, 792, 768, 758, 759, 813, 822, 2762, 1015, 1901, 2200, 2195, 2087, 1868, 1884, 1928, 1951, 2213, 2277, 2463, 2546, 2054, 2298, 2325, 1748, 1820, 1115, 1513, 1554, 1535, 1172, 1183, 1216, 1228, 1251, 1252, 1478, 1579, 1710, 1722, 1766, 943, 945, 1160, 1642, 546, 738, 752, 3110, 721, 3299, 1023, 1201, 1486, 867, 1522, 888, 683, 666, 1381, 779, 2986, 1380, 1774, 2149, 2203, 2566, 1915, 2197, 1882, 2096, 2110, 2177, 2193, 2315, 1947, 1965, 1983, 2066, 2218, 2480, 117, 1519, 1250, 1512, 1680, 1043, 1430, 1780, 1217, 1770, 1795, 1125, 1199, 1341, 1348, 1790, 917, 1338, 1004, 1093, 1709, 1163, 1322, 1479, 1494, 1577, 1858, 1320, 1768, 1191, 1233, 1051, 781, 606, 655, 656, 966, 1274, 1502, 1602, 1651, 1014, 1178, 1211, 1353, 1446, 1817, 339, 501, 1159, 1699, 919, 1068, 1438, 1037, 1727, 587, 1239, 1350, 1515, 1714, 1791, 1830, 1048, 1230, 1266, 1337, 1481, 1625, 1633, 975, 1395, 1835, 971, 1764, 909, 1861, 1101, 1771, 1419, 1813, 1083, 1107, 1467, 1743, 1777, 1072, 374, 1087, 1558, 929, 1187, 1084, 1086, 1365, 1204, 1040, 1335, 1815, 1669, 1707, 1847, 1033, 1416, 1447, 883, 1222, 1793, 1339, 1784, 882, 1565, 957, 1075, 1255, 911, 1196, 1534, 1639, 968, 1399, 1610, 1286, 1763, 705, 794, 828, 1288, 2042, 2142, 1958, 1998, 2157, 2518, 1966, 2036, 2082, 2204, 1872, 1897, 2602, 2011, 2090, 2168, 2330, 2368, 2410, 2565, 1937, 1982, 2246, 2353, 2057, 2153, 2538, 2304, 2022, 2208, 2476, 1946, 1992, 2552, 1963, 1987, 2088, 2169, 2093, 1920, 2179, 2582, 2609, 1883, 2460, 2266, 2320, 1876, 1904, 2484, 2146, 2426, 1994, 2072, 2131, 2150, 2238, 2558, 2018, 2229, 2232, 2323, 2383, 2423, 2138, 2542, 2415, 2024, 2281, 2417, 2578, 2283, 2291, 2372, 1903, 1911, 1926, 2056, 2257, 1725, 1753, 1044, 1098, 1111, 1203, 1336, 1359, 1541, 1589, 1626, 1823, 1328, 1609, 1326, 1450, 1056, 1300, 1397, 932, 1158, 1358, 1091, 1302, 964, 1301, 1555, 1767, 1776, 960, 1089, 1349, 1562, 1620, 1409, 1667, 1691, 1394, 1678, 1842, 982, 1071, 1024, 1180, 1510, 1076, 1134, 1312, 1351, 1482, 1491, 1711, 1560, 947, 1694, 1679
494,818, 3807, 3663, 3683, 3167, 1273, 3827, 3565, 2626, 1407, 3464, 563, 865, 871, 876, 884, 904, 923, 933, 973, 978, 1006, 1013, 1016, 1045, 1049, 1094, 1166, 1168, 1169, 1195, 1346, 1379, 1406, 1540, 1561, 1592, 1755, 1810, 3828, 695, 805, 2144, 2521, 2462, 2469, 2488, 2285, 958, 1039, 1778, 827, 572, 3396, 397, 402, 2674, 3530, 2889, 3096, 3339, 3366, 2819, 3046, 1779, 1551, 2387, 2430, 2116, 2233, 2319, 1954, 2027, 1613, 3156, 1546, 1583, 1761, 1576, 1232, 1752, 1331, 1729, 1404, 1632, 918, 408, 528, 558, 657, 1532, 1078, 334, 1832, 1506, 889, 1370, 1571, 1164, 942, 1866, 1408, 1797, 1829, 1240, 1470, 1038, 1385, 1523, 1697, 1838, 1077, 1318, 1454, 1740, 1431, 1455, 1744, 1100, 1309, 1591, 1607, 915, 1457, 1833, 1074, 1153, 1553, 1147, 1246, 1296, 1781, 1552, 1704, 1836, 1305, 1473, 3567, 2275, 2359, 2378, 2414, 1925, 2413, 2452, 2547, 2013, 2028, 2235, 2092, 2226, 2267, 2288, 2406, 2593, 1900, 2300, 2391, 2178, 1896, 2080, 2196, 2278, 2420, 1957, 1960, 2498, 2584, 2100, 2051, 2099, 2089, 2532, 2097, 2206, 2554, 2587, 2079, 2145, 2174, 2224, 2287, 2386, 2352, 2010, 2221, 1805, 873, 1041, 1693, 1789, 1726, 1254, 1146, 1429, 1170, 1460, 886, 1303, 1646, 1756, 1750, 1475, 989, 1088, 1683, 2959, 998, 3004, 3008, 3023, 3203, 1814, 2559, 2389, 1959, 1985, 2601, 2272, 2351, 2280, 1616, 1157, 1249, 2021, 2481, 1426, 1369, 1596, 755, 466, 614, 901, 1279, 1628, 431, 508, 523, 475, 540, 1141, 1387, 387, 1046, 1863, 1206, 1284, 1854, 899, 1308, 922, 983, 1001, 1580, 898, 1383, 1392, 1484, 1648, 1759, 1463, 951, 549, 1261, 1593, 1253, 1156, 1035, 413, 1144, 981, 1520, 680, 2927, 2590, 2539, 1875, 1892, 1929, 1980, 2014, 2020, 2038, 2048, 2081, 2107, 2119, 2121, 2172, 2176, 2183, 2225, 2270, 2314, 2326, 2374, 2381, 2402, 2427, 2432, 2456, 2465, 2479, 2496, 2505, 2567, 2606, 1907, 2388, 2400, 1936, 2396, 2416, 2560, 1881, 1986, 2139, 2166, 2207, 2363, 2429, 2338, 1538, 948, 1371, 2251, 1773, 892, 991, 1681, 1122, 427, 435, 2771, 3378, 3151, 3274, 864, 1393, 1453, 2189, 2159, 2271, 2369, 2470, 2009, 2098, 2318, 2411, 2114, 1950, 938, 924, 1167, 1837, 1396, 1867, 1529, 1698, 1801, 997, 1649, 522, 1117, 1751, 1483, 1701, 361, 487, 1636, 444, 467, 480, 1708, 1238, 1243, 1738, 907, 1152, 1818, 1859, 1373, 1666, 1581, 592, 1630, 1735, 1297, 1028, 1226, 1444, 931, 1327, 1362, 1856, 1368, 1432, 1604, 863, 974, 1154, 1190, 1245, 1276, 1804, 1850, 1343, 1242, 1595, 1031, 914, 1174, 1388, 1621, 1638, 872, 1495, 2949, 3239, 3356, 1422, 1264, 1378, 1660, 1827, 1848, 1005, 1723, 1657, 1311, 1509, 1612, 954, 980, 1120, 1188, 761, 663, 1499, 2473, 1943, 2453, 2447, 2424, 1941, 2308, 2433, 2490, 2329, 1993, 2342, 1895, 2031, 2263, 2163, 2508, 1910, 2589, 1955, 1978, 2249, 2495, 2296, 2343, 2065, 2376, 2497, 1939, 1999, 2015, 2063, 2215, 2327, 2504, 1885, 1909, 2001, 2073, 2198, 2322, 2264, 2309, 2268, 2398, 2544, 1718, 1126, 1731, 1601, 1501, 1530, 1417, 1057, 891
487,935, 870, 905, 988, 1060, 1155, 1223, 1304, 1323, 1352, 1354, 1386, 1411, 1418, 1451, 1452, 1500, 1615, 1747, 1792, 1811, 1851, 3524, 1026, 703, 685, 708, 1879, 2083, 840, 358, 385, 504, 509, 2709, 2916, 3779, 769, 3205, 1503, 1119, 2137, 161, 80, 1282, 541, 560, 586, 608, 613, 623, 30, 393, 416, 421, 1689, 984, 1433, 1210, 1123, 1002, 1653, 1587, 1855, 1825, 1272, 1307, 1618, 1548, 1549, 1568, 1461, 1412, 1283, 675, 2227, 2517, 1979, 2405, 2187, 2156, 2489, 1913, 2373, 2004, 2058, 2248, 1423, 1034, 1635, 3423, 952, 3222, 2981, 1736, 887, 1010, 353, 1724, 1834, 542, 346, 429, 1637, 1257, 1536, 1177, 1236, 1720, 617, 1085, 1588, 921, 1121, 1207, 2767, 3082, 3124, 3337, 2733, 1894, 1918, 1935, 1953, 1967, 2019, 2035, 2069, 2102, 2111, 2134, 2143, 2170, 2199, 2240, 2259, 2262, 2360, 2428, 2503, 2512, 1969, 2237, 2331, 2421, 2502, 2541, 2016, 2029, 2064, 2151, 2258, 993, 1382, 611, 419, 440, 455, 464, 515, 2742, 3100, 3235, 3294, 3170, 1497, 2533, 2071, 2522, 2482, 1096, 701, 1800, 379, 359, 394, 447, 1334, 979, 1474, 946, 1025, 885, 1114, 1806, 1306, 1285, 1785, 420, 366, 1007, 1586, 1061, 920, 578, 1032, 1665, 834, 2265, 1908, 2160, 2301, 2493, 2105, 2399, 2553, 1874, 2556, 2454, 2244, 2190, 1916, 2576, 1887, 2596, 2328, 2355, 2384, 2485, 2074, 2085, 2231, 2165, 2025, 2334, 2536, 2579, 2357, 2367, 2458, 2511, 2551, 1949, 2440, 2471, 2604, 2260, 3284, 2947, 3882, 573, 476, 1193, 1294, 1029, 913, 990, 1197, 1643, 986, 1047, 1069, 895, 1218, 415, 417, 465, 445, 3325, 2661, 2918, 3053, 1641, 3250, 3064, 3108, 2744, 376, 644, 497, 1488, 363, 384, 395, 434, 477, 486, 514, 531, 538, 553, 1456, 1786, 1685, 1364, 1572, 1617, 1105, 627, 878, 1606, 1054, 1682, 1772, 1684, 1080, 2431, 2549, 1899, 2194, 2284, 2523, 2062, 2128, 2350, 2339, 2529, 1976, 1996, 2078, 2253, 2436, 2451, 2500, 2568, 1870, 1890, 2120, 2293, 2312, 2510, 1902, 2012, 1873, 2070, 2573, 2095, 2228, 2507, 2528, 2543, 2034, 2220, 2307, 2045, 2603, 2091, 2572, 2086, 2450, 1927, 2305, 1347, 2967, 3022, 3342, 3300, 3354, 3364, 2620, 1151, 1673, 585, 977, 1471, 1563, 490, 491, 1389, 410, 526, 1342, 1192, 1234, 1092, 1267, 1269, 436, 498, 1340, 481, 1508, 719, 2147, 2575, 1877, 2515, 2067, 2348, 2077, 2211, 2243, 2261, 1919, 1961, 2393, 1921, 2075, 2435, 2443, 2361, 1945, 2127, 2155, 2345, 2382, 2487, 1940, 2401, 2324, 2483, 2023, 2279, 2344, 2043, 2563, 2250, 2569, 2595, 2076, 2306, 2041, 2412, 2555, 2524, 2550, 1922, 1942, 2094, 2000, 2303, 2161, 2336, 2965, 3017, 3059, 3295, 3360, 3260, 3355, 2623, 2777, 2921, 3028, 1184, 423, 544, 941, 519, 1366, 1730, 401, 1531, 1434, 940, 1705, 1624, 1128, 1265, 1247, 1064, 1661, 1073, 1224, 1129, 1220, 3168, 2645, 2679, 1828, 1721, 1145, 2154, 2366, 2030, 2340, 2006, 2588, 2141, 2477, 2276, 2050, 2039, 2053, 2059, 2457, 2455, 2191, 2446, 2252, 2371, 2362, 2540, 2564, 1989, 2002, 2525
364,3330, 3735, 1655, 1794, 1149, 1782, 3103, 2745, 2823, 2491, 235, 1974, 1762, 1405, 3189, 937, 1841, 562, 633, 165, 511, 404, 1775, 1097, 1212, 1189, 1544, 949, 1277, 1181, 2130, 2185, 2597, 2017, 2385, 2548, 1443, 3635, 2899, 1839, 1413, 439, 1634, 1198, 503, 530, 377, 388, 1063, 1462, 1849, 1787, 1357, 1186, 788, 2968, 1917, 2101, 2122, 2354, 2365, 2472, 2545, 1891, 1981, 2316, 2164, 1932, 418, 500, 529, 3341, 2669, 2937, 1435, 2332, 2290, 566, 616, 637, 1059, 1310, 1504, 499, 583, 449, 478, 1656, 1702, 1843, 959, 1066, 502, 1696, 2701, 2840, 3350, 868, 1526, 869, 740, 1975, 2346, 2561, 2241, 1970, 2052, 2112, 2299, 2317, 2586, 2501, 1603, 1200, 1608, 3391, 896, 1485, 1299, 1831, 936, 1652, 881, 1009, 1270, 1280, 716, 2175, 650, 347, 484, 3359, 2990, 3164, 3200, 3288, 2639, 2668, 3009, 1972, 2380, 380, 1765, 350, 462, 485, 1862, 1150, 1559, 1414, 1507, 928, 903, 1384, 1492, 3910, 2419, 2239, 2026, 2033, 2109, 3125, 3349, 3032, 3185, 548, 389, 652, 1700, 1173, 536, 472, 344, 1809, 398, 492, 1672, 1202, 930, 575, 2202, 2585, 2188, 2577, 1991, 2060, 2282, 2294, 2580, 2594, 1962, 2885, 3078, 3340, 2817, 2982, 2998, 2223, 1914, 1924, 496, 457, 372, 615, 1539, 407, 939, 1132, 3114, 2611, 1424, 1113, 2047, 2607, 2608, 2574, 2292, 2514, 2212, 1688, 1148, 927, 520, 532, 2898, 21, 302, 607, 556, 580, 557, 574, 635, 605, 1796, 1106, 1527, 1208, 2519, 2148, 955, 3304, 2635, 1329, 390, 1221, 3226, 3309, 2880, 3143, 3270, 3045, 2707, 1977, 2486, 2408, 507, 521, 425, 2782, 2975, 2691, 3323, 2677, 3279, 3324, 3335, 3146, 2682, 3062, 3098, 3128, 3202, 3218, 3224, 3232, 2727, 1869, 340, 430, 1440, 1769, 534, 588, 858, 2407, 2214, 1931, 2256, 2562, 3243, 3013, 1706, 458, 355, 2940, 3264, 2734, 2939, 3190, 3286, 2617, 2702, 2720, 2725, 2730, 2746, 2755, 2774, 2789, 2917, 2926, 2953, 2958, 2992, 3006, 3074, 3094, 3169, 3195, 3199, 3244, 3254, 3277, 3297, 471, 622, 479, 1556, 1629, 2167, 3177, 2772, 2829, 1788, 370, 442, 473, 341, 2526, 2474, 3231, 2869, 3086, 2665, 3322, 2944, 3025, 3183, 3047, 2969, 3118, 3353, 2852, 539, 495, 1448, 2686, 2950, 3233, 3246, 3271, 3290, 1898
278,1012, 944, 3159, 1990, 1997, 2133, 2162, 2395, 2448, 2509, 1956, 1944, 406, 412, 488, 525, 1361, 1533, 1293, 1663, 1332, 1662, 1459, 1325, 443, 365, 3248, 1324, 811, 665, 2358, 2439, 2117, 2171, 2230, 967, 1171, 513, 621, 3291, 2624, 2751, 2732, 2673, 469, 493, 1090, 3849, 2364, 2037, 2943, 3071, 3305, 2717, 2728, 1826, 1712, 1011, 1852, 2182, 3116, 3133, 3092, 2884, 3066, 405, 400, 352, 1131, 1853, 1611, 1857, 2955, 3303, 972, 1082, 482, 446, 0, 50, 279, 634, 1070, 1933, 2084, 3347, 2792, 463, 1260, 2649, 3219, 2535, 360, 3007, 3061, 2610, 3123, 3152, 2445, 505, 2295, 1905, 2499, 1582, 3119, 3115, 3363, 3063, 2807, 2616, 2621, 2629, 2642, 2651, 2667, 2672, 2678, 2718, 2736, 2756, 2770, 2801, 2826, 2847, 2850, 2854, 2866, 2881, 2907, 2914, 2928, 2933, 2945, 2963, 2972, 3012, 3065, 3109, 3121, 3134, 3161, 3179, 3211, 3212, 3213, 3223, 3275, 3106, 2724, 2913, 375, 543, 474, 357, 1317, 877, 902, 2046, 2044, 2779, 3144, 2842, 2848, 1271, 403, 383, 2068, 2437, 3321, 2843, 2996, 3241, 2887, 3048, 3209, 2797, 2964, 3130, 3196, 552, 3310, 2662, 2886, 3251, 2379, 2683, 1597, 1000, 3348, 512, 1372, 3018, 2520, 2115, 537, 2636, 2985, 612, 2957, 3035, 2534, 1742, 2750, 2874, 1605, 2938, 2425, 2313, 2657, 3149, 2849, 2912, 594, 631, 654, 3136, 3301, 180, 3, 658, 571, 602, 640, 2693, 3256, 2804, 3263, 3162, 3329, 3221, 3265, 3137, 2633, 2883, 3240, 2803, 3198, 3242, 454, 597, 630, 1886, 2993, 3280, 3052, 3091, 3276, 3184, 3289, 2768, 3285, 2614, 2902, 2809, 3087, 2906, 2793, 2858, 2873, 2896, 3253, 3361, 2726, 3058, 3083, 3332, 2895, 381, 494, 3193, 2688, 2697, 3375, 3056, 3090, 2631, 2700, 3155
220,3619, 3488, 1116, 1437, 620, 517, 345, 382, 448, 450, 950, 1469, 2605, 2531, 1934, 2905, 2660, 3313, 2341, 2475, 2714, 2040, 527, 2778, 1973, 246, 581, 338, 1124, 1906, 3014, 3281, 3278, 2664, 857, 2708, 2723, 2810, 2871, 2890, 2897, 2970, 2997, 3040, 3050, 3085, 3132, 3139, 3157, 3236, 3245, 3314, 3315, 3331, 378, 3217, 3225, 2924, 2773, 2910, 589, 336, 2719, 3154, 3131, 2765, 3113, 3141, 3208, 3204, 291, 309, 591, 158, 3197, 874, 2136, 565, 3229, 3039, 3192, 3362, 2903, 2811, 2966, 1490, 3021, 1102, 27, 210, 98, 600, 638, 2794, 3296, 2894, 2752, 3273, 3319, 441, 584, 2721, 3318, 3166, 2788, 2815, 3374, 2785, 3283, 2703, 2812, 2612, 3036, 3127, 3076, 2758, 3191, 1209, 2654, 2356, 3117, 3079, 409, 2813, 3043, 3049, 12, 51, 59, 79, 82, 85, 92, 144, 177, 236, 248, 280, 312, 316, 331, 53, 318, 559, 1878, 2769, 2729, 3158, 2844, 2952, 2704, 2859, 2977, 3140, 2638, 3201, 2759, 2948, 3307, 2776, 2784, 2828, 2835, 3367, 3176, 3379, 2613, 2618, 2863, 3001, 2908, 3228, 3343, 2820, 2749, 2929, 2980, 3019, 2941, 3142, 3084, 3302, 2995, 3122, 2658, 2795, 2254, 2205, 343, 2113, 1889, 2656, 610, 192, 212, 228, 78, 162, 601, 3010, 2628, 3135, 2864, 2891, 3003, 2876, 2987, 3269, 2827, 2875, 2888, 2893, 3054, 3370, 3104, 3336, 551, 392, 2641, 3070
222,99, 113, 114, 561, 1860, 1871, 2438, 1968, 569, 2988, 2818, 689, 424, 908, 506, 3287, 2648, 2699, 2741, 2783, 2805, 2816, 2821, 3138, 3172, 3238, 3249, 3262, 3327, 3380, 2808, 2005, 2216, 910, 2761, 3188, 3383, 3588, 3272, 1055, 2862, 2397, 1880, 2032, 2527, 2434, 3016, 604, 3345, 2634, 3105, 2637, 3206, 3015, 373, 2740, 35, 72, 274, 598, 647, 3180, 2781, 2851, 3216, 3072, 3220, 2802, 2838, 2892, 3268, 2655, 3031, 3292, 2687, 3293, 2711, 3365, 1363, 2273, 2464, 411, 2872, 646, 3257, 3055, 28, 63, 66, 75, 109, 130, 157, 171, 202, 208, 249, 281, 288, 292, 293, 199, 266, 7, 221, 2684, 2796, 2646, 3148, 3160, 2712, 3120, 3308, 3328, 2680, 2715, 3024, 2853, 2960, 2976, 2920, 2962, 3095, 3112, 3181, 2861, 3171, 3173, 2934, 2632, 2904, 2974, 3376, 2403, 2739, 2757, 2931, 2530, 200, 284, 178, 263, 2696, 651, 3005, 3215, 2643, 2630, 2825, 3258, 2942, 2867, 3129, 414, 2219, 261, 846, 2806, 2698, 2983, 2675, 2625, 3033, 3346, 133, 195, 231, 260, 290, 17, 582, 2973, 2731, 2666, 2647, 2936, 2860, 3344, 2692, 2868, 2695, 2798, 3194, 2738, 3261, 143, 176, 6, 4, 250, 2537, 2857, 3230, 2706, 2722, 2814, 3042, 2915, 3060, 2956, 3011, 2694, 2994, 3377, 2856, 2735, 3088, 2839, 2922, 2615, 2935, 310, 111, 120, 164, 9, 2845, 3165, 3187, 2659, 2989, 3247
105,3107, 354, 3267, 619, 1719, 3210, 1333, 2274, 579, 595, 87, 241, 642, 2234, 433, 489, 2799, 3077, 3174, 3317, 628, 554, 29, 61, 86, 95, 153, 183, 244, 276, 11, 22, 247, 3044, 2865, 3081, 3312, 328, 590, 3000, 2619, 2930, 2764, 3041, 3521, 1256, 453, 369, 3182, 2961, 203, 213, 2790, 269, 645, 3237, 3175, 3030, 2780, 313, 243, 289, 325, 273, 311, 2822, 3227, 2999, 97, 201, 239, 2901, 3075, 49, 2879, 2832, 2909, 2441, 2841, 54, 106, 3334, 2836, 3069, 2877, 115, 13, 282, 2652, 2705, 2210, 3026, 2786, 191, 125, 134, 151, 2690, 257, 301, 3306, 258, 58, 91, 26
70,2583, 2055, 19, 38, 67, 89, 118, 136, 142, 321, 265, 150, 2743, 2671, 2791, 3338, 3526, 3895, 593, 2834, 3099, 327, 68, 2644, 3368, 2971, 16, 110, 169, 214, 267, 167, 96, 227, 48, 2882, 2855, 629, 300, 168, 3255, 3147, 2640, 3259, 3579, 2923, 285, 2571, 220, 319, 112, 3357, 3178, 2925, 2392, 56, 307, 2622, 461, 237, 104, 36, 47, 225, 254, 57, 2837, 278, 140, 44
38,2516, 547, 2670, 2979, 649, 226, 238, 62, 15, 3038, 2800, 3326, 2984, 1205, 3358, 34, 70, 173, 264, 3101, 332, 2911, 609, 39, 60, 3051, 3145, 196, 626, 255, 188, 124, 3432, 154, 299, 320, 215, 329
31,2209, 641, 3150, 2125, 33, 41, 10, 160, 121, 295, 2581, 189, 305, 2878, 148, 326, 138, 32, 127, 25, 3029, 3266, 204, 135, 102, 126, 172, 3068, 317, 73, 3796
20,470, 3153, 141, 101, 23, 55, 42, 577, 211, 252, 1, 122, 71, 262, 24, 108, 2599, 119, 179, 94
7,107, 206, 20, 18, 3163, 315, 186
5,306, 2748, 187, 132, 14
9,2418, 324, 240, 308, 3034, 286, 209, 181, 314
3,207, 2302, 304
3,251, 297, 2466
0,
1,88
0,
0,
0,
0,
0,
