1,100
43,459, 617, 914, 926, 938, 949, 958, 970, 999, 1014, 1047, 1103, 1122, 1127, 1137, 1158, 1175, 1207, 1253, 1262, 1298, 1316, 1332, 1389, 1390, 1403, 1405, 1419, 1441, 1442, 1462, 1472, 1526, 1536, 1561, 1569, 1595, 1644, 1651, 1654, 1658, 1851, 1857
103,468, 511, 536, 539, 1504, 1274, 1396, 1531, 1701, 1206, 863, 1044, 1589, 1674, 1791, 1833, 1847, 1858, 882, 1051, 1170, 1251, 1351, 1493, 1560, 1577, 1188, 1544, 1637, 1859, 974, 1135, 1698, 1081, 1163, 1273, 1358, 1632, 1087, 1726, 1801, 1183, 1397, 1430, 1579, 1754, 1844, 1095, 1603, 940, 1525, 1542, 875, 1590, 1666, 1104, 1426, 1755, 1836, 1751, 1800, 1866, 1448, 1474, 1548, 953, 980, 1340, 1073, 1151, 1197, 1576, 936, 1202, 1748, 968, 1040, 1093, 1337, 1082, 1373, 1798, 1799, 1805, 897, 971, 1088, 1172, 1447, 1725, 1773, 1842, 964, 1232, 1305, 1313, 1827, 906, 1366, 956, 923, 1193, 1788
243,481, 490, 1532, 1735, 361, 484, 501, 508, 644, 413, 445, 376, 471, 1385, 1628, 1027, 1553, 959, 1283, 1454, 587, 1261, 1602, 1270, 1334, 1781, 1247, 1618, 1685, 1828, 614, 1108, 1482, 1489, 1750, 1753, 1680, 1714, 1761, 969, 1301, 1429, 1555, 1807, 864, 892, 899, 912, 1065, 1295, 1348, 1376, 1566, 1594, 1709, 1790, 1266, 890, 1147, 1371, 1546, 1557, 1048, 1795, 1111, 1146, 1191, 1217, 1481, 1824, 1161, 1168, 1211, 1312, 1407, 1476, 1707, 1013, 1513, 917, 1380, 1468, 1506, 1703, 1739, 1746, 1766, 1144, 1228, 1756, 1157, 1578, 1616, 1620, 1490, 919, 1154, 1855, 1438, 954, 1524, 1196, 1639, 1032, 1626, 1655, 1115, 1642, 1671, 1125, 1134, 1167, 1475, 1622, 1510, 924, 1322, 1230, 1439, 1086, 1692, 1012, 1126, 1204, 1817, 932, 1731, 947, 1074, 1444, 1565, 1635, 1554, 1571, 1687, 1216, 1263, 1291, 1610, 982, 1091, 1203, 1233, 1290, 1336, 1409, 1693, 943, 989, 1408, 922, 1099, 1288, 1572, 1459, 627, 942, 1090, 1327, 1479, 1487, 1664, 1302, 1418, 1507, 1208, 966, 1319, 1446, 1573, 1630, 896, 1166, 1661, 1663, 1684, 1190, 1383, 1540, 1829, 1259, 1612, 1364, 1593, 1035, 1299, 1055, 1752, 1789, 1835, 1320, 1495, 898, 911, 1640, 339, 1600, 1452, 957, 1549, 1673, 984, 1176, 1379, 1567, 918, 1538, 1199, 1359, 1501, 1518, 1296, 1541, 1784, 1350, 1669, 1362, 1856, 945, 1033, 1722, 1249, 1338, 1143, 1778, 1252, 1341, 1528, 510, 873, 1071, 1098, 1284, 1238, 1461, 1046, 1414, 1539, 1568, 1740, 1777, 467, 1061
231,521, 383, 421, 1346, 1406, 411, 509, 538, 569, 1304, 491, 505, 621, 385, 389, 395, 402, 476, 529, 1060, 353, 444, 480, 542, 504, 592, 497, 1335, 358, 573, 424, 472, 905, 1720, 348, 1173, 1437, 1025, 1587, 1245, 1769, 1068, 933, 1077, 1281, 1310, 1387, 1834, 1279, 1523, 1222, 1706, 1743, 907, 1242, 1699, 1843, 1708, 979, 1672, 578, 1001, 1092, 1182, 983, 585, 1254, 1516, 1521, 1024, 1043, 1737, 1867, 1694, 1483, 1153, 1331, 1570, 1625, 1768, 1802, 1770, 1250, 1349, 1494, 1527, 1041, 1823, 1361, 1678, 1142, 1399, 1609, 1160, 1241, 962, 1028, 1820, 1757, 1776, 1792, 1248, 1657, 1681, 1391, 1574, 1596, 1854, 1491, 1679, 1328, 1580, 1089, 931, 1417, 1423, 1004, 1353, 1710, 1530, 1780, 1562, 1601, 925, 1416, 1246, 886, 994, 1700, 1787, 1276, 1604, 1648, 1840, 1398, 904, 1342, 883, 1308, 1797, 1815, 1763, 1619, 1180, 1450, 1547, 1019, 1021, 1365, 1514, 1367, 1718, 1330, 1311, 1039, 1819, 1369, 1235, 1865, 1534, 1120, 915, 1000, 1129, 1716, 1656, 1832, 889, 1100, 1723, 1045, 522, 990, 1649, 1837, 1085, 1368, 1850, 1067, 1509, 1552, 1592, 1386, 1818, 1220, 1629, 1428, 1660, 909, 1300, 1005, 1647, 1271, 528, 1744, 1427, 903, 1585, 1392, 1551, 1715, 1297, 1646, 948, 1497, 1395, 1057, 1617, 1783, 937, 1292, 1343, 934, 1785, 1804, 1285, 1054, 1488, 550, 1072, 1255, 1352, 1415, 1471, 1730, 351, 423, 431, 1148, 1339, 868
112,478, 520, 546, 648, 399, 1473, 439, 380, 416, 407, 1764, 1059, 498, 544, 355, 563, 363, 519, 347, 507, 650, 408, 417, 350, 479, 455, 442, 549, 410, 1652, 1293, 1303, 1697, 1724, 977, 1187, 1141, 1264, 1826, 1356, 1411, 1849, 1128, 1192, 1063, 1831, 1686, 629, 1218, 1499, 1821, 1239, 1455, 1498, 993, 1529, 1076, 1118, 1478, 1306, 1031, 1064, 1512, 1613, 1767, 1394, 3177, 1711, 1688, 1808, 888, 1133, 887, 1123, 1422, 879, 1643, 1145, 1466, 1372, 1105, 913, 1634, 941, 1838, 1813, 1272, 1682, 929, 1084, 1221, 373, 928, 1558, 1240, 1492, 1645, 1853, 1121, 1178, 997, 3893, 1171, 1677, 895, 1582, 359, 526, 901, 1357, 334, 1294
59,441, 566, 575, 599, 620, 635, 1758, 354, 447, 394, 583, 639, 652, 1738, 457, 487, 543, 372, 642, 466, 440, 377, 518, 1508, 1117, 1636, 1727, 1037, 1070, 1563, 1066, 1277, 654, 1016, 1174, 1470, 3009, 1042, 1814, 1519, 1624, 1485, 1431, 1388, 400, 1275, 1690, 1721, 345, 463, 362, 369, 390, 391, 415, 419, 530, 535, 552
27,500, 593, 397, 600, 638, 612, 409, 360, 1825, 975, 449, 553, 588, 595, 335, 492, 1862, 1581, 3164, 3250, 1762, 1321, 1205, 462, 435, 436, 488
15,374, 634, 401, 582, 470, 393, 541, 429, 624, 1267, 2624, 3159, 344, 554, 433
15,404, 645, 655, 561, 565, 626, 493, 3033, 3096, 3197, 2733, 2944, 2953, 2997, 3047
20,489, 524, 2813, 2937, 2719, 3028, 2679, 3132, 3143, 3086, 3350, 2849, 3004, 3007, 3355, 3279, 3183, 3310, 3325, 2921
55,3113, 3256, 3289, 3211, 3216, 3241, 3264, 3276, 3341, 2614, 2789, 2797, 2817, 2811, 3114, 3134, 3200, 3092, 3199, 3378, 2691, 2899, 2985, 3146, 3169, 3339, 3056, 3299, 2702, 2727, 2746, 2780, 3340, 2697, 2939, 2887, 3235, 3184, 2801, 2964, 3048, 3160, 3155, 3271, 3291, 1641, 2623, 2782, 3196, 3294, 2982, 3061, 3224, 3304, 2717
93,2750, 2979, 2981, 3335, 2993, 3052, 3260, 2714, 2772, 3059, 2918, 3025, 3066, 2642, 3078, 2903, 3231, 2823, 2842, 3062, 3130, 3232, 3091, 3118, 3274, 1623, 2668, 3015, 3275, 3218, 3302, 2617, 3070, 3202, 3098, 3363, 2966, 3354, 2762, 2975, 3347, 2913, 2665, 2682, 2657, 3242, 2661, 3295, 3246, 2672, 2965, 2662, 3157, 3191, 3115, 2906, 3166, 2830, 2615, 2671, 2689, 2709, 2712, 2749, 2802, 2818, 2821, 2839, 2852, 2860, 2864, 2963, 3002, 3071, 3089, 3121, 3178, 3243, 3252, 3281, 3318, 3358, 2745, 3043, 3100, 2767, 2610, 2996, 3022, 2988, 3265, 3301, 3257
74,2707, 3207, 3133, 3204, 2871, 2940, 3288, 2932, 3125, 2751, 2897, 3366, 2633, 2729, 2898, 2957, 2998, 3205, 3221, 3046, 1062, 2986, 3149, 3225, 3330, 2889, 3144, 2792, 2843, 3084, 2824, 3082, 3053, 3023, 2777, 3128, 3272, 3017, 2806, 3236, 3139, 2699, 2764, 2974, 3088, 3095, 3230, 2638, 2759, 2812, 3292, 2875, 2971, 3131, 3176, 3245, 3035, 2803, 2861, 2622, 2735, 3003, 3012, 2857, 3334, 3008, 3322, 2686, 3297, 2739, 2969, 3240, 3360, 3142
71,3018, 2955, 3229, 3136, 2924, 3263, 2959, 3280, 2881, 3251, 2658, 3223, 3206, 2730, 3014, 3057, 3209, 2895, 1278, 1537, 2862, 3032, 2721, 3123, 2620, 2967, 2650, 2886, 2646, 3154, 2814, 2853, 2859, 3140, 3194, 2654, 3083, 2705, 2643, 2788, 2692, 2844, 2873, 3024, 2828, 2815, 3001, 3328, 2731, 2987, 3104, 3063, 2882, 3370, 2822, 2952, 2625, 3042, 2933, 2934, 2810, 2858, 2872, 3158, 3307, 2630, 2706, 2742, 2781, 2869, 3151
73,3137, 3249, 2960, 2673, 3168, 3303, 3337, 2611, 2779, 2795, 2931, 2684, 894, 3220, 2794, 2840, 3286, 3039, 2910, 2677, 2785, 2694, 3054, 3171, 3228, 2655, 2776, 2798, 2888, 3331, 3031, 3019, 2893, 2666, 2726, 2867, 2894, 2980, 2922, 2743, 2879, 2891, 2845, 2856, 2755, 3044, 2825, 3112, 3120, 2704, 3190, 2659, 2892, 3085, 2908, 2854, 2970, 3026, 2942, 2628, 2904, 2914, 2820, 3268, 2948, 3036, 2690, 2678, 2784, 2896, 2929, 2917, 3193
44,2724, 3064, 2949, 3287, 3203, 3317, 3152, 3315, 2720, 2863, 2936, 3361, 2680, 2941, 2994, 3182, 2698, 2835, 3187, 3283, 3129, 2618, 2977, 3201, 3165, 2629, 2868, 3238, 2915, 2770, 2926, 2973, 3377, 2647, 2703, 3306, 3060, 3065, 2838, 2710, 3248, 2718, 2687, 2855
20,3217, 2688, 2884, 3192, 2901, 3237, 3308, 2632, 2613, 2644, 2992, 2738, 2756, 2876, 3030, 3344, 3379, 3138, 2962, 3174
5,3108, 2722, 2983, 3011, 2925
0,
0,
0,
0,
0,
