1,3381
59,3384, 3390, 3392, 3405, 3435, 3438, 3444, 3446, 3451, 3464, 3466, 3478, 3485, 3491, 3529, 3532, 3535, 3548, 3581, 3601, 3607, 3614, 3615, 3619, 3625, 3631, 3636, 3641, 3651, 3662, 3681, 3684, 3694, 3711, 3730, 3733, 3734, 3746, 3747, 3758, 3760, 3774, 3787, 3789, 3794, 3800, 3807, 3814, 3819, 3822, 3832, 3841, 3859, 3861, 3876, 3887, 3893, 3898, 3910
85,3517, 3537, 3672, 3473, 3437, 3527, 3786, 3448, 3839, 3864, 3500, 3587, 3589, 3901, 3400, 3489, 3570, 3844, 3511, 3761, 3833, 3842, 3510, 3525, 3439, 3526, 3796, 3762, 3883, 3831, 3420, 3610, 3647, 3736, 3763, 3596, 3687, 3697, 3487, 3551, 3566, 3488, 3785, 3468, 3604, 3889, 3897, 3512, 3493, 3850, 3648, 3461, 3696, 3653, 3701, 3719, 3723, 3700, 3705, 3558, 3756, 3484, 3612, 3624, 3679, 3534, 3396, 3784, 3751, 3664, 3677, 3408, 3799, 3810, 3393, 3830, 3867, 3552, 3668, 3518, 3413, 3433, 3717, 3777, 3780
88,3722, 3773, 3870, 3501, 3515, 3544, 3576, 3482, 3776, 3490, 3550, 3562, 3627, 3863, 3875, 3900, 3545, 3765, 3564, 3890, 3729, 3731, 3695, 3561, 3584, 3428, 3854, 3386, 3495, 3768, 3757, 3476, 3598, 3881, 3650, 3458, 3713, 3745, 3460, 3519, 3621, 3846, 3499, 3617, 3675, 3693, 3623, 3880, 3716, 3894, 3454, 3456, 3583, 3727, 3791, 3835, 3395, 3432, 3414, 3447, 3397, 3851, 3556, 3520, 3771, 3429, 3825, 3739, 3411, 3877, 3879, 3663, 3811, 3514, 3463, 3443, 3845, 3415, 3801, 3764, 3477, 3586, 3459, 3632, 3382, 3740, 3872, 3862
71,3417, 3399, 3766, 3404, 3699, 3642, 3574, 3660, 1050, 3398, 3793, 3806, 3643, 3802, 3848, 3497, 3430, 3465, 3591, 3732, 3749, 3572, 3803, 3620, 3658, 3654, 3678, 3652, 3585, 3645, 3401, 3669, 3824, 3750, 3580, 3853, 3442, 3427, 3759, 3568, 833, 3422, 3531, 3505, 3394, 3521, 3602, 3412, 3673, 3906, 3588, 3726, 3577, 3450, 3418, 3569, 3630, 3689, 3904, 3406, 3608, 3907, 3471, 3453, 3538, 3539, 3509, 3387, 3452, 3665, 3426
42,3559, 3629, 1053, 3503, 3594, 3637, 3470, 3467, 3513, 3888, 3704, 3469, 3817, 3554, 3816, 3836, 3657, 3828, 3795, 3908, 3440, 3540, 3549, 3685, 3738, 3546, 3720, 3728, 3805, 3565, 3659, 3686, 3424, 3407, 3790, 3506, 3869, 3676, 3698, 3611, 3575, 3543
12,3903, 1062, 1676, 3646, 3857, 3606, 3690, 3892, 3899, 3856, 3563, 3402
5,1760, 100, 3416, 3528, 3847
105,374, 869, 876, 893, 907, 912, 921, 949, 950, 956, 967, 973, 978, 981, 998, 1018, 1022, 1028, 1031, 1039, 1044, 1046, 1047, 1060, 1092, 1100, 1123, 1124, 1126, 1139, 1157, 1164, 1166, 1175, 1180, 1208, 1210, 1225, 1227, 1273, 1281, 1283, 1294, 1298, 1317, 1322, 1341, 1352, 1366, 1385, 1386, 1389, 1403, 1408, 1409, 1415, 1416, 1431, 1442, 1450, 1457, 1467, 1478, 1481, 1482, 1490, 1491, 1502, 1504, 1509, 1534, 1541, 1546, 1556, 1560, 1564, 1594, 1616, 1623, 1628, 1634, 1639, 1640, 1651, 1652, 1659, 1660, 1680, 1694, 1712, 1716, 1720, 1730, 1734, 1740, 1763, 1769, 1776, 1812, 1821, 1823, 1824, 1833, 3595, 3866
323,493, 1006, 1035, 940, 946, 984, 1419, 1159, 1745, 1845, 1633, 1782, 1222, 1264, 1334, 1461, 1863, 467, 958, 1161, 1248, 1326, 1380, 1569, 1620, 1711, 1739, 1784, 882, 1363, 1063, 1234, 1548, 919, 936, 1090, 911, 1065, 1120, 1270, 1356, 1454, 1686, 1689, 985, 1071, 1133, 1359, 1397, 1535, 1687, 1795, 1290, 1313, 1407, 1489, 1498, 1557, 1570, 1646, 1693, 1703, 1709, 1725, 1757, 1043, 1777, 1152, 1154, 1308, 1398, 1540, 1261, 1196, 1259, 1568, 1673, 1829, 1193, 1427, 1507, 1613, 1736, 1003, 1468, 1547, 1578, 1791, 1153, 1229, 1029, 1192, 1245, 1606, 1699, 1743, 1813, 614, 922, 953, 1241, 1562, 1679, 1748, 1817, 1122, 1134, 1510, 960, 1533, 1751, 997, 909, 1394, 1365, 1707, 1844, 1602, 1630, 413, 549, 1340, 1585, 1238, 1177, 1550, 1770, 1819, 1865, 916, 1042, 1173, 1358, 1418, 1601, 1674, 1710, 1867, 932, 945, 971, 1167, 1282, 1284, 1391, 1506, 1513, 1579, 1671, 1024, 1089, 1232, 1612, 1850, 906, 1255, 1319, 1553, 1849, 959, 1474, 990, 1068, 1788, 1083, 1447, 1756, 1830, 993, 1048, 1125, 899, 947, 962, 1033, 1291, 1296, 1376, 1500, 1587, 1643, 1666, 1695, 883, 905, 1000, 1084, 1428, 1538, 1561, 1021, 1181, 1429, 1626, 1041, 1091, 1115, 1486, 1516, 1528, 1664, 1761, 1144, 1146, 1251, 1338, 1737, 1479, 1832, 1842, 1143, 1532, 1293, 1636, 468, 1059, 1001, 1253, 1422, 1593, 863, 1025, 1032, 1373, 1565, 1678, 1783, 1801, 886, 969, 1233, 1300, 1331, 1349, 1417, 1555, 1820, 917, 943, 1087, 1147, 1160, 1228, 1302, 1487, 1567, 1600, 1752, 982, 1191, 1216, 1426, 1204, 1211, 1554, 2968, 3207, 955, 996, 1401, 1436, 1195, 980, 1604, 1778, 1847, 1108, 1203, 1305, 1477, 1576, 1583, 1826, 913, 1508, 1353, 1519, 965, 1016, 1114, 1128, 1129, 1186, 1267, 1271, 1591, 1656, 931, 1051, 1645, 617, 627, 1045, 1198, 1582, 884, 970, 1106, 1224, 1306, 1343, 1414, 1466, 1708, 1822, 1864, 1099, 1235, 1514, 1781, 1072, 1301, 1609, 1328, 918, 924, 1088, 1135, 1163, 1348, 1518, 1714, 1081
383,534, 365, 489, 1094, 976, 1309, 1327, 1459, 1484, 1581, 546, 1017, 986, 1240, 1329, 1662, 867, 875, 935, 1827, 934, 979, 1785, 1618, 1706, 1531, 1544, 1682, 1411, 480, 481, 484, 510, 578, 898, 1117, 1274, 1318, 1588, 1611, 1663, 1697, 1855, 339, 352, 361, 399, 401, 421, 459, 1085, 1170, 1858, 1172, 1263, 1292, 1350, 1475, 1767, 989, 1336, 925, 1382, 1632, 1790, 1337, 1625, 1718, 991, 1430, 1199, 1529, 1835, 1040, 1080, 1230, 1252, 1351, 892, 1444, 964, 968, 1074, 1681, 1773, 948, 1137, 1619, 1372, 1064, 1218, 1552, 865, 1057, 1076, 1250, 1792, 1249, 1312, 1362, 1805, 1854, 1856, 937, 1009, 1797, 1206, 1462, 1425, 1839, 1669, 1246, 1379, 1888, 1897, 1988, 1998, 2027, 2090, 2099, 2144, 2178, 2232, 2291, 2404, 2484, 2538, 994, 897, 1012, 1013, 1183, 1295, 1530, 1574, 1608, 1118, 1780, 1566, 1596, 1691, 1098, 1111, 1423, 1217, 1297, 1750, 1766, 1589, 1610, 1642, 1019, 1266, 1004, 1034, 1746, 1753, 1698, 1731, 1367, 1799, 1837, 887, 1093, 1168, 1369, 1443, 1499, 1580, 1692, 1622, 873, 1066, 1242, 1434, 1438, 1672, 1110, 1176, 1595, 1677, 1685, 1828, 1859, 974, 1392, 1335, 563, 1311, 1637, 1818, 1188, 1276, 1079, 1374, 1339, 1412, 1586, 1793, 903, 1148, 1755, 957, 1275, 1808, 3222, 938, 1103, 1470, 1015, 1798, 1675, 1399, 864, 1420, 1303, 1190, 1451, 1202, 1243, 1806, 954, 1592, 1446, 1765, 497, 542, 573, 1132, 1501, 963, 1807, 1472, 1494, 1521, 1095, 1200, 1476, 1764, 1775, 1800, 1387, 1772, 1802, 3310, 890, 1056, 1768, 1523, 445, 449, 457, 476, 499, 583, 1495, 334, 380, 901, 1395, 423, 491, 495, 501, 509, 544, 1182, 1342, 1536, 1452, 1744, 1179, 1014, 1631, 1127, 1786, 927, 1439, 1762, 1726, 1244, 1551, 1005, 1285, 1723, 1758, 1360, 1406, 1449, 587, 1105, 1804, 1831, 1448, 1424, 1432, 1648, 1007, 1456, 1571, 1497, 1860, 1151, 1375, 1738, 1145, 1178, 930, 1104, 1378, 1221, 1463, 1690, 1002, 1825, 1862, 1577, 1320, 1049, 1142, 1330, 1316, 1441, 1657, 1701, 1473, 1649, 521, 376, 404, 1747, 1364, 1383, 972, 1086, 1460, 1254, 1789, 1729, 1814, 966, 1722, 1483, 1288, 3202, 2717, 3223, 1641, 2709, 3064, 3189, 2953, 1503, 1866, 1371, 1683, 1728, 1239, 1400, 1480, 1485, 1272, 1624, 1150, 1724, 975, 983, 908, 1265, 1590, 1527, 1838, 657, 1368, 508, 621, 1279, 895, 1277, 1638, 1149, 1539, 879
413,420, 441, 453, 1727, 942, 1070, 343, 355, 392, 406, 525, 527, 920, 1136, 1321, 1370, 1268, 1525, 1644, 1440, 1607, 1840, 929, 1174, 492, 351, 359, 389, 412, 440, 540, 543, 336, 408, 434, 511, 522, 548, 585, 592, 424, 471, 415, 478, 607, 1067, 1661, 977, 1141, 1310, 358, 498, 1488, 363, 381, 388, 488, 397, 475, 503, 507, 341, 550, 564, 567, 579, 595, 602, 623, 648, 651, 30, 612, 644, 466, 490, 344, 427, 429, 1834, 1402, 885, 1853, 1575, 1598, 1184, 1963, 2042, 2066, 2072, 2245, 2268, 2304, 2410, 2452, 2981, 2080, 2082, 2149, 2236, 2289, 2351, 2373, 2422, 1941, 2050, 2056, 2093, 2105, 2108, 2138, 2142, 2162, 2187, 2198, 2334, 2361, 2413, 2417, 2420, 2423, 2433, 2547, 2549, 2553, 1874, 1894, 1995, 2051, 2104, 2153, 2213, 2222, 2233, 2257, 2321, 2369, 2389, 2424, 2442, 2565, 1895, 1911, 2024, 2473, 2506, 2518, 2578, 1915, 2088, 2150, 2221, 2242, 2330, 2558, 2003, 2135, 2146, 2157, 2255, 2285, 2286, 2337, 2447, 2598, 2204, 2534, 2560, 2460, 1910, 1966, 2098, 2129, 2338, 1868, 1920, 1984, 2036, 2177, 2426, 2461, 2106, 2281, 2494, 2010, 2087, 2532, 1904, 2028, 2415, 1896, 1903, 1987, 2008, 2200, 2296, 1307, 1410, 1158, 933, 881, 1563, 1684, 1357, 1207, 1171, 1848, 1061, 1332, 1558, 1492, 870, 1851, 1836, 1286, 1289, 1393, 1876, 2131, 2140, 2218, 2498, 2566, 1815, 1219, 1733, 379, 385, 487, 524, 880, 1413, 1809, 1774, 3356, 3359, 3032, 3047, 3217, 3275, 1226, 1667, 1559, 1617, 455, 479, 373, 403, 393, 400, 430, 377, 914, 371, 410, 422, 426, 442, 460, 469, 506, 515, 516, 530, 536, 541, 554, 504, 650, 345, 402, 370, 387, 477, 529, 872, 1078, 1573, 338, 394, 526, 360, 425, 1742, 1121, 1605, 1715, 1345, 896, 1437, 1119, 1304, 1260, 1771, 1187, 951, 923, 1236, 1197, 888, 1299, 1455, 1037, 1131, 348, 405, 472, 1549, 926, 3235, 3276, 3286, 3378, 2772, 2831, 2842, 2985, 3022, 3025, 3186, 3257, 2678, 3043, 2620, 2621, 2637, 2655, 2694, 2696, 2713, 2726, 2727, 2737, 2741, 2764, 2765, 2770, 2773, 2777, 2784, 2818, 2819, 2839, 2846, 2860, 2881, 2889, 2905, 2911, 2916, 2927, 2942, 2971, 2976, 2982, 2997, 3004, 3007, 3012, 3027, 3031, 3046, 3048, 3049, 3050, 3068, 3091, 3102, 3112, 3120, 3126, 3128, 3145, 3154, 3157, 3180, 3197, 3209, 3215, 3232, 3236, 3242, 3244, 3245, 3258, 3282, 3284, 3285, 3298, 3300, 3305, 3330, 3331, 3335, 3348, 3362, 3366, 2762, 2627, 3118, 3323, 2950, 3159, 2730, 1522, 1700, 1629, 1247, 1615, 1077, 372, 569, 1058
596,500, 409, 470, 1469, 1705, 354, 398, 642, 439, 1075, 1453, 1572, 1107, 1803, 987, 1811, 462, 419, 431, 538, 416, 435, 494, 353, 165, 444, 473, 512, 622, 531, 375, 528, 446, 417, 520, 659, 910, 1735, 1116, 482, 539, 1346, 450, 407, 575, 588, 347, 486, 474, 346, 553, 572, 456, 618, 615, 652, 590, 596, 630, 580, 600, 619, 645, 649, 561, 565, 577, 646, 458, 866, 1027, 2103, 2165, 2172, 2201, 2208, 2372, 2124, 2169, 2278, 2467, 2522, 1925, 2118, 2195, 2297, 2325, 2453, 2542, 2544, 2546, 2159, 2186, 2298, 1879, 1900, 2462, 2013, 2370, 2521, 2009, 2235, 2018, 2557, 1882, 1901, 1994, 2175, 2176, 2347, 2429, 2430, 2990, 2463, 2488, 2282, 2459, 2591, 2592, 2116, 2470, 2272, 1982, 2197, 2238, 2469, 1872, 2057, 2152, 2398, 2029, 2039, 2067, 2073, 2097, 2191, 2231, 2240, 2262, 2312, 2340, 2376, 2472, 2490, 2493, 2587, 1909, 1922, 1940, 2160, 2166, 2211, 2261, 2305, 2510, 2564, 1881, 1935, 2001, 2227, 2280, 1937, 2226, 2089, 2174, 2243, 2252, 2367, 2419, 2450, 2507, 1989, 2048, 2058, 2076, 128, 2246, 2247, 2602, 2021, 2277, 2279, 2306, 2357, 2416, 2515, 2541, 2579, 1953, 1976, 2030, 2071, 2139, 2145, 2284, 2345, 2440, 2458, 2471, 2502, 2511, 2523, 2580, 1996, 2034, 2041, 2070, 2077, 2078, 2344, 2412, 2501, 1945, 2045, 2127, 2399, 2540, 2556, 1873, 2316, 2449, 2457, 2536, 2120, 2309, 2329, 2548, 1924, 1956, 1978, 2551, 1939, 2012, 2019, 2155, 2323, 2363, 2584, 2002, 2011, 2025, 2194, 2436, 2572, 2604, 1919, 2038, 2095, 2207, 2259, 2287, 2292, 2109, 2228, 2383, 2421, 2443, 2487, 2504, 2505, 2573, 1902, 1918, 2260, 2435, 2512, 2514, 2543, 2568, 2552, 2180, 2476, 2480, 2189, 1926, 2065, 2441, 1944, 2161, 2411, 2387, 2308, 2391, 2083, 2378, 2265, 2031, 2368, 2092, 2353, 1959, 2196, 2271, 2539, 2100, 2163, 2300, 2128, 2319, 2481, 2366, 2414, 1950, 2132, 2349, 1908, 2554, 2427, 1927, 1942, 2134, 2212, 2276, 2307, 2348, 1958, 2343, 2250, 2193, 1887, 1889, 1912, 1934, 1952, 1968, 1970, 1981, 2000, 2004, 2005, 2007, 2033, 2063, 2091, 2117, 2205, 2209, 2220, 2283, 2324, 2326, 2336, 2388, 2394, 2408, 2409, 2434, 2466, 2567, 2597, 1921, 2151, 2190, 2244, 2315, 2439, 2468, 2248, 2320, 1943, 2379, 2352, 2385, 1993, 2020, 2079, 1992, 1464, 1635, 2959, 1082, 1324, 1526, 1759, 1741, 868, 928, 2406, 2559, 2586, 523, 2662, 3100, 3136, 3168, 2967, 3315, 2899, 3062, 3092, 3096, 3143, 3169, 3221, 2623, 2939, 2955, 2965, 2724, 2910, 2824, 1471, 532, 383, 447, 555, 414, 551, 357, 463, 1257, 1269, 1008, 1333, 1073, 1702, 1220, 3264, 2668, 2742, 2782, 2785, 2807, 2852, 2921, 2940, 3052, 2691, 2944, 3066, 2657, 2719, 2884, 2969, 3133, 3146, 3196, 3294, 2746, 2667, 3250, 2996, 3035, 3243, 3289, 3297, 2794, 3170, 2823, 3295, 2913, 3045, 2975, 2810, 2825, 2973, 3377, 2679, 2811, 3023, 2885, 2698, 2703, 2749, 2844, 2894, 2999, 3138, 3165, 3247, 2644, 2735, 2820, 2854, 2877, 2952, 2868, 2893, 3019, 2661, 3088, 3370, 3081, 3115, 3340, 2908, 3171, 2706, 3131, 2645, 2903, 3033, 3053, 3304, 2857, 3176, 2704, 2731, 3095, 3237, 2692, 2722, 2936, 2622, 3191, 3241, 3274, 3325, 2966, 3256, 2664, 2813, 3167, 3224, 3341, 2998, 3228, 2618, 2788, 2987, 3210, 3342, 3054, 3194, 2666, 2864, 2626, 3187, 3218, 3057, 2934, 2974, 3140, 2776, 2812, 2815, 2873, 2922, 2948, 2970, 2993, 3005, 3350, 2636, 3208, 3233, 2614, 2886, 3125, 2714, 3098, 2725, 2992, 3307, 2643, 3003, 3367, 2619, 3227, 2874, 3200, 3082, 3184, 3000, 3163, 2728, 3177, 2647, 2983, 3030, 3306, 3360, 2610, 3265, 2745, 3205, 3231, 3110, 3130, 3149, 3321, 3152, 3193, 3267, 3303, 2669, 2688, 2789, 2882, 3164, 3240, 3327, 2616, 2862, 2906, 3094
405,366, 1713, 620, 640, 552, 505, 465, 436, 628, 342, 613, 629, 584, 610, 658, 558, 597, 635, 638, 655, 560, 641, 604, 637, 559, 616, 626, 2528, 2043, 2590, 2263, 2561, 2258, 2495, 2508, 2331, 2482, 2601, 2096, 2359, 2154, 2301, 2382, 2143, 2224, 2332, 2110, 2477, 2215, 2446, 1999, 2346, 2529, 1899, 1986, 2086, 2183, 2428, 2016, 2170, 2451, 1949, 2119, 2256, 2407, 2503, 2550, 2253, 2455, 2574, 2059, 2595, 1961, 2094, 2229, 2047, 2164, 2360, 2371, 2339, 2293, 2386, 1885, 2362, 2603, 2381, 2064, 2500, 2531, 2497, 2525, 2327, 2483, 2015, 2167, 2053, 2524, 2395, 2322, 138, 1929, 1932, 1974, 2445, 2609, 2206, 2318, 1870, 1877, 2014, 2023, 2264, 2526, 1898, 2562, 1957, 2156, 1980, 2126, 1972, 2555, 2396, 2225, 1938, 2342, 2437, 2599, 1883, 2112, 2608, 2040, 2223, 2267, 2454, 2491, 1979, 2141, 2251, 2402, 2317, 2576, 2017, 2607, 2075, 2239, 2485, 2237, 2299, 1928, 1936, 2509, 2581, 2044, 2364, 2314, 1965, 1878, 2365, 2270, 2295, 2563, 2147, 2596, 2121, 2605, 2393, 2081, 2275, 2401, 2046, 2168, 2210, 2520, 2593, 2313, 2022, 2465, 1933, 1511, 3114, 3141, 2650, 1280, 1704, 2137, 2249, 2938, 3314, 2673, 2697, 3015, 3108, 3188, 3009, 3148, 3324, 2611, 2677, 2702, 2707, 2793, 3185, 2932, 3028, 2641, 3363, 2817, 2898, 3279, 3288, 2729, 3216, 2918, 3203, 3337, 3059, 3299, 2801, 3017, 3322, 2769, 390, 395, 1189, 2829, 3225, 3311, 2887, 3061, 3263, 3086, 3090, 3211, 2711, 2744, 3078, 3291, 2937, 3246, 2721, 3183, 2665, 3151, 3355, 1599, 2943, 3024, 3260, 3106, 3139, 2734, 3142, 3220, 2797, 3293, 2924, 2849, 2733, 3018, 2736, 2875, 2933, 3036, 2859, 2994, 3147, 3181, 2755, 2798, 3060, 3175, 3201, 2835, 2705, 2858, 2879, 2977, 3361, 2792, 2964, 2979, 3155, 3160, 3239, 3339, 3037, 3123, 3354, 2917, 3308, 3283, 2613, 2632, 2690, 3248, 2853, 3259, 3268, 2625, 2629, 2891, 3104, 2712, 3238, 2892, 2962, 2876, 2845, 3129, 2699, 2800, 2638, 2838, 2615, 2914, 2989, 3085, 3292, 3065, 2856, 2867, 3334, 2700, 3281, 3290, 3313, 3347, 3271, 2624, 2732, 3219, 2651, 2972, 3204, 2901, 3011, 2832, 2929, 2814, 3042, 3379, 2759, 2904, 2863, 2687, 2822, 2896, 3156, 3192, 3070, 2693, 2791, 2947, 3116, 2961, 2686, 2980, 2628, 3044, 3328, 3158, 3008, 2861, 2888, 3001, 2871, 2986, 3137, 2935, 2855, 3343, 3075, 2654, 2988, 3134, 3302, 3132, 3040, 3317, 3161, 2956, 3269, 2930, 3346, 2774, 2781, 2634, 2748, 3364, 2949, 3338, 3076, 2738, 2758, 2821, 3190, 2963, 2617, 2957, 3016, 2676, 2840, 2708, 2790, 2639
164,367, 574, 562, 570, 654, 571, 609, 634, 593, 605, 581, 566, 1884, 1983, 2006, 2517, 2241, 2188, 1977, 2102, 140, 0, 2489, 2569, 1913, 2290, 2606, 1955, 1914, 2179, 2585, 1951, 1891, 1967, 2588, 1975, 1875, 1960, 2052, 2533, 2594, 1869, 2397, 1907, 2101, 2111, 2294, 2288, 1892, 2583, 2037, 2266, 2230, 2380, 1962, 1916, 2356, 2535, 1954, 1969, 2479, 2403, 2577, 2448, 2474, 1886, 2148, 1890, 2115, 2136, 2358, 2575, 2400, 2527, 2062, 2084, 2054, 2182, 2185, 2350, 2085, 2486, 1946, 1023, 1458, 2778, 2808, 1384, 1973, 2779, 3121, 2660, 2912, 2739, 3021, 3229, 3353, 2751, 3272, 3058, 3309, 2804, 2684, 3179, 2658, 2843, 2869, 2771, 3063, 3101, 2931, 2672, 3182, 3374, 3069, 2680, 2941, 3253, 3173, 2612, 2828, 2826, 2646, 2880, 3270, 2802, 2915, 2743, 2715, 3178, 3099, 2872, 3230, 2630, 2799, 2865, 2847, 2991, 3365, 3329, 3079, 3109, 2926, 2675, 2775, 3084, 2720, 3119, 3013, 3254, 3296, 3014, 3144, 3087, 2652, 2907, 3369, 3345, 2780, 3051, 3277, 2756, 3318, 3166
79,556, 582, 260, 261, 98, 33, 36, 39, 44, 57, 71, 74, 85, 91, 92, 93, 107, 111, 161, 173, 179, 184, 190, 197, 208, 210, 222, 224, 228, 257, 272, 277, 291, 311, 2589, 2582, 1947, 1906, 2354, 1971, 2069, 2425, 2113, 2374, 2375, 1991, 2570, 2202, 2214, 2513, 2537, 2355, 2049, 2438, 1931, 944, 2516, 2663, 2656, 2768, 2750, 2816, 2960, 2925, 2635, 3174, 3336, 3358, 2836, 2761, 1493, 2796, 3111, 3333, 2795, 2716, 3320, 3195, 2923
58,328, 26, 201, 119, 195, 246, 302, 133, 232, 299, 329, 12, 16, 24, 332, 274, 279, 17, 216, 62, 136, 313, 15, 120, 284, 300, 316, 48, 72, 75, 22, 94, 172, 306, 21, 49, 191, 53, 295, 309, 63, 77, 114, 241, 23, 1880, 1948, 2074, 1964, 2122, 2199, 3273, 2945, 1658, 1278, 3199, 3316, 3127
62,213, 318, 312, 32, 59, 162, 225, 325, 269, 205, 108, 204, 154, 2, 186, 238, 243, 255, 156, 221, 50, 101, 266, 129, 254, 189, 9, 113, 150, 301, 110, 3, 231, 88, 69, 220, 319, 178, 192, 35, 7, 134, 164, 310, 47, 61, 278, 290, 45, 115, 153, 330, 106, 126, 2125, 2418, 894, 2866, 3113, 2681, 3077, 2878
40,102, 212, 249, 56, 237, 235, 177, 14, 317, 73, 155, 285, 176, 307, 281, 321, 112, 160, 297, 28, 68, 148, 247, 89, 250, 66, 217, 263, 87, 25, 109, 170, 10, 70, 265, 18, 60, 78, 196, 19
8,11, 287, 42, 86, 159, 282, 198, 331
2,122, 51
0,
0,
0,
0,
0,
