1,3381
28,3435, 3439, 3447, 3451, 3497, 3502, 3527, 3565, 3568, 3592, 3604, 3622, 3624, 3651, 3655, 3699, 3701, 3716, 3720, 3808, 3811, 3839, 3842, 3846, 3864, 3866, 3899, 3904
55,3393, 3415, 3436, 3443, 3452, 3463, 3475, 3477, 3492, 3501, 3506, 3523, 3526, 3540, 3563, 3613, 3614, 3644, 3698, 3700, 3715, 3722, 3732, 3799, 3850, 3889, 829, 3589, 3857, 3835, 3768, 3545, 3776, 3881, 3391, 3834, 3556, 3491, 3880, 3894, 3462, 3482, 3865, 3406, 3441, 3836, 3731, 3430, 3740, 3605, 3442, 3728, 3892, 3471, 3575
86,3402, 3403, 3429, 3454, 3460, 3465, 3479, 3515, 3517, 3553, 3625, 3627, 3628, 3645, 3667, 3744, 3747, 3751, 3788, 3844, 3898, 833, 3658, 3901, 3612, 3450, 3833, 3591, 3774, 3870, 3903, 3433, 3488, 3470, 3763, 3766, 3537, 3805, 3757, 3394, 3669, 3676, 3848, 3877, 3804, 3807, 3559, 3673, 3809, 3765, 3719, 3476, 3484, 3620, 3432, 3606, 3690, 3840, 3474, 3821, 3754, 3825, 3512, 842, 3729, 3730, 3759, 3572, 3786, 3787, 3793, 3574, 3521, 3750, 3459, 3810, 3875, 3607, 3632, 3876, 3819, 3467, 3496, 3499, 3859, 3416
98,3424, 3438, 3440, 3446, 3546, 3548, 3552, 3566, 3582, 3587, 3640, 3653, 3702, 3721, 3769, 3770, 3822, 3849, 3862, 3905, 3710, 3541, 3457, 3392, 3417, 1050, 3434, 3756, 3561, 3550, 3558, 3500, 3727, 3487, 3845, 3733, 3571, 3689, 3854, 3494, 3630, 3401, 3879, 3437, 3567, 3400, 3405, 3646, 3872, 3668, 3422, 3683, 3796, 3693, 3569, 3455, 3663, 3511, 3514, 3736, 3386, 3685, 3510, 3760, 3495, 3428, 3413, 3642, 3824, 3773, 3518, 3384, 3871, 3617, 3398, 3399, 3464, 3516, 3453, 3687, 3570, 3900, 3635, 3674, 3448, 3577, 3764, 3599, 3525, 3664, 3897, 3675, 3697, 3777, 3838, 3672, 3623, 3456
81,3534, 3883, 3532, 3748, 3709, 3907, 3584, 3524, 3595, 3775, 3387, 3678, 3551, 3888, 3695, 3791, 3410, 836, 3829, 3549, 3817, 3557, 3543, 3594, 3608, 3662, 3580, 3707, 3860, 3861, 3583, 3480, 3483, 3801, 3800, 3637, 3643, 3660, 3555, 3598, 3647, 3649, 3468, 3882, 3696, 862, 3650, 3867, 3753, 3654, 3795, 3472, 3585, 3596, 3802, 3508, 3890, 3746, 3780, 3692, 3412, 3738, 3449, 3794, 3485, 3602, 3419, 3578, 3681, 3404, 3703, 3431, 3706, 3576, 3785, 3816, 3522, 3554, 3677, 3841, 3382
49,3725, 3806, 3414, 3397, 3739, 3536, 3790, 3648, 3711, 3505, 3528, 3893, 3539, 3717, 3910, 3723, 3887, 3408, 3714, 3542, 3597, 3906, 671, 3815, 3395, 3619, 3469, 3427, 3782, 3581, 1822, 3621, 3735, 3908, 3745, 3761, 3633, 3837, 3657, 3828, 3560, 3713, 3411, 3531, 3634, 3652, 3704, 3896, 3504
34,3863, 3858, 3590, 3831, 3852, 3869, 3610, 3390, 3734, 3792, 3665, 3661, 851, 3425, 3827, 3519, 3636, 3797, 3803, 1512, 1644, 3814, 3481, 3641, 3679, 3564, 3755, 3529, 3843, 3705, 791, 828, 3851, 3853
27,3741, 3789, 1381, 3420, 3826, 3784, 3466, 702, 853, 3712, 1321, 1550, 1662, 3383, 1760, 546, 875, 998, 1613, 712, 753, 797, 800, 802, 3588, 3772, 3812
46,3423, 3509, 3694, 3418, 783, 830, 846, 3783, 3503, 3535, 3742, 1175, 100, 994, 1212, 678, 751, 857, 662, 701, 1127, 1244, 3586, 3396, 3600, 1572, 1099, 1268, 1289, 1514, 1370, 334, 405, 418, 427, 915, 1477, 1112, 693, 814, 819, 670, 697, 747, 770, 796
124,3533, 3498, 3388, 3749, 1655, 1235, 3885, 1470, 1763, 1107, 1136, 1453, 336, 410, 412, 439, 444, 525, 530, 1103, 760, 777, 661, 674, 727, 660, 725, 737, 795, 773, 1183, 1284, 1296, 1302, 1481, 1620, 1659, 1802, 925, 958, 1115, 1135, 467, 606, 867, 929, 959, 960, 1007, 1028, 1036, 1085, 1100, 1141, 1165, 1168, 1272, 1327, 1348, 1365, 1369, 1434, 1441, 1447, 1464, 1495, 1513, 1521, 1531, 1565, 1606, 1627, 1631, 1632, 1673, 1679, 1682, 1695, 1736, 1740, 1742, 1748, 1776, 1799, 1856, 1860, 1862, 1865, 1307, 1725, 711, 815, 825, 720, 1345, 1675, 996, 1436, 1123, 1286, 1782, 1038, 1015, 364, 380, 382, 414, 419, 449, 484, 490, 542, 165, 549, 339, 517, 733, 768, 692, 686, 681, 807, 676, 754
330,1039, 3407, 832, 3771, 1676, 1412, 1393, 376, 461, 492, 1288, 3111, 731, 750, 667, 752, 710, 816, 787, 1795, 1095, 361, 374, 625, 889, 914, 952, 975, 1030, 1054, 1062, 1071, 1072, 1098, 1101, 1114, 1157, 1159, 1174, 1189, 1192, 1229, 1308, 1344, 1346, 1358, 1362, 1387, 1394, 1408, 1409, 1488, 1492, 1496, 1563, 1579, 1628, 1707, 1751, 1765, 1766, 1774, 1778, 1796, 1807, 1827, 1845, 1846, 1848, 1217, 1535, 688, 695, 699, 803, 779, 1053, 1330, 1819, 935, 358, 360, 373, 415, 440, 441, 470, 473, 488, 502, 519, 539, 552, 345, 1298, 729, 738, 820, 709, 767, 718, 809, 468, 527, 406, 417, 457, 351, 344, 679, 685, 708, 742, 744, 757, 792, 811, 739, 1191, 1252, 1292, 1295, 1664, 1021, 1147, 1338, 918, 1359, 1450, 1625, 1844, 1211, 1228, 1350, 1555, 1589, 1692, 1693, 1773, 1547, 1574, 1703, 1756, 1783, 1065, 1088, 1143, 1251, 1254, 1687, 1768, 1784, 912, 1089, 1232, 1297, 1494, 1567, 1569, 991, 1043, 1478, 1576, 1391, 1642, 1167, 1230, 1714, 1805, 1204, 1407, 499, 985, 1154, 1318, 1352, 1618, 1804, 1849, 402, 423, 431, 1629, 1484, 1133, 864, 1129, 1199, 1320, 924, 1310, 587, 895, 1198, 522, 1430, 1609, 882, 911, 1660, 1724, 1832, 1622, 1854, 1004, 1290, 1444, 1596, 3177, 1538, 1541, 1216, 1438, 1672, 1699, 1775, 1220, 1506, 1790, 1086, 1328, 2627, 3202, 1455, 1770, 1040, 1142, 1161, 1203, 1726, 1639, 1743, 1829, 1840, 617, 940, 1392, 1398, 1454, 891, 962, 1689, 936, 1202, 1486, 1737, 1482, 1791, 1013, 1153, 1546, 1626, 1120, 1306, 1374, 1612, 1711, 909, 1055, 1104, 1178, 863, 919, 997, 1016, 1151, 1343, 1356, 1373, 1553, 1686, 1696, 1070, 1256, 1125, 1291, 1337, 1487, 1560, 1578, 1640, 1645, 1580, 1757, 1379, 1718, 1263, 1331, 1182, 1825, 1750, 1820, 510, 892, 932, 1033, 1044, 1137, 1518, 1571, 785, 782, 736, 1963, 1988, 2103, 2106, 2152, 2460, 479, 481, 528, 592, 411, 459, 398, 573, 424, 436, 621, 194, 533, 529, 563, 1573, 1697, 1800, 728, 707, 704
448,848, 1525, 1665, 359, 387, 2713, 1266, 798, 765, 3615, 1397, 890, 941, 944, 1019, 1031, 1041, 1042, 1134, 1164, 1169, 1238, 1239, 1264, 1305, 1319, 1340, 1353, 1402, 1418, 1429, 1439, 1445, 1463, 1476, 1537, 1543, 1551, 1559, 1610, 1616, 1619, 1654, 1700, 1704, 1706, 1715, 1717, 1730, 1771, 1801, 1823, 1420, 1729, 817, 821, 784, 1598, 1499, 504, 515, 531, 555, 1649, 1814, 734, 666, 789, 511, 357, 445, 508, 780, 683, 730, 755, 771, 810, 669, 1322, 1847, 1835, 1380, 1426, 1081, 1722, 1842, 931, 982, 1709, 1710, 1746, 947, 1172, 1510, 1400, 1405, 1480, 1233, 1669, 1005, 1246, 1798, 1824, 1858, 879, 963, 907, 1051, 1066, 1077, 1255, 1595, 1855, 363, 377, 429, 1428, 974, 1502, 1558, 1281, 348, 1803, 1341, 1761, 1656, 1273, 1570, 1534, 1843, 986, 1025, 1017, 1698, 989, 3114, 3189, 933, 1035, 1694, 1731, 1479, 954, 1806, 1566, 1603, 1568, 1648, 1208, 1375, 1461, 1304, 1779, 884, 979, 1166, 1474, 1738, 902, 1207, 948, 1241, 969, 1170, 976, 1236, 1197, 943, 1583, 1250, 1313, 1489, 806, 1984, 2297, 2592, 1144, 404, 543, 465, 585, 476, 507, 509, 389, 495, 521, 73, 650, 544, 1117, 1335, 1446, 724, 801, 668, 859, 721, 466, 413, 691, 1111, 1789, 1678, 1767, 503, 538, 355, 1508, 1309, 1638, 1788, 1367, 934, 1139, 1372, 1419, 1593, 1442, 1249, 1395, 1834, 993, 1666, 1759, 903, 1275, 1701, 614, 1300, 1173, 1497, 981, 1505, 1562, 1577, 873, 2092, 2098, 2142, 2351, 2404, 2413, 2495, 1262, 938, 416, 497, 657, 353, 480, 409, 354, 453, 447, 491, 372, 1401, 1762, 700, 822, 1122, 1634, 397, 346, 390, 407, 687, 790, 1312, 1671, 1443, 945, 899, 1024, 1594, 1780, 1087, 1118, 1091, 1739, 1817, 1336, 1468, 1528, 1561, 1498, 1792, 1554, 1351, 1557, 1326, 1475, 1248, 1728, 1014, 1472, 1600, 917, 1417, 1048, 1501, 1529, 1399, 1146, 897, 1416, 1646, 1176, 1196, 1386, 1422, 1079, 1152, 1299, 1677, 1813, 1850, 1245, 1585, 1234, 1247, 1448, 550, 487, 532, 1500, 1002, 1473, 1045, 881, 901, 408, 1093, 968, 1301, 939, 1094, 1145, 1523, 1621, 1752, 1516, 2966, 3046, 3100, 1188, 1277, 1431, 1361, 1180, 3110, 2772, 2782, 1587, 1084, 1680, 1833, 1530, 1637, 1046, 1132, 1032, 1092, 1110, 1797, 1190, 946, 953, 1552, 983, 883, 887, 1160, 1057, 869, 1592, 1818, 1064, 1080, 950, 1150, 1368, 949, 1068, 1243, 1777, 908, 990, 865, 1509, 1259, 922, 1540, 1781, 1681, 1837, 1702, 1691, 1607, 984, 1001, 1128, 1601, 971, 2188, 2291, 2304, 2423, 2494, 2553, 2036, 2153, 2226, 2268, 2280, 2546, 1888, 1901, 2135, 2042, 2538, 1966, 1995, 2218, 2337, 2422, 2578, 2018, 2129, 2200, 2415, 2426, 553, 385, 540, 505, 316, 400, 1171, 399, 913, 1504, 1582, 1747, 766, 799
369,776, 834, 877, 937, 956, 966, 1221, 1226, 1324, 1354, 1406, 1519, 1548, 1635, 1653, 1713, 1853, 1866, 743, 1140, 1108, 1282, 425, 1435, 1821, 746, 450, 463, 394, 673, 690, 1867, 1425, 1674, 1753, 1206, 1270, 1449, 1651, 1723, 1177, 1602, 3310, 1253, 942, 1388, 2967, 951, 1342, 1225, 1591, 1663, 1074, 1727, 682, 1872, 1903, 1959, 2072, 2104, 2245, 2247, 2281, 2296, 2372, 1749, 1003, 607, 341, 421, 430, 536, 589, 644, 486, 475, 568, 443, 1432, 366, 1219, 1271, 1265, 1242, 1852, 965, 1121, 1815, 1184, 1809, 1838, 1012, 898, 1366, 1483, 2066, 2195, 2221, 2222, 2462, 713, 526, 541, 352, 343, 628, 477, 715, 1841, 403, 381, 663, 964, 1376, 1056, 1076, 1657, 1078, 1667, 1126, 886, 885, 1735, 1389, 401, 1864, 1532, 1116, 627, 1274, 496, 3188, 2728, 2899, 2950, 3009, 3064, 1349, 1009, 906, 1006, 2916, 3128, 1826, 1785, 1863, 1240, 1414, 1544, 1047, 1334, 1411, 1808, 1223, 1604, 1210, 1624, 1109, 1377, 1786, 2023, 2089, 2203, 2236, 2255, 2272, 2542, 2373, 2461, 2518, 2481, 2521, 2010, 2093, 2242, 1998, 2469, 2547, 1915, 2138, 2208, 2330, 501, 622, 973, 435, 1311, 1685, 1859, 1279, 1283, 972, 1060, 1023, 1830, 163, 905, 1652, 516, 745, 455, 716, 812, 1462, 923, 1452, 1526, 1360, 578, 1218, 1187, 3207, 1222, 1764, 1260, 2009, 2057, 2598, 2298, 2463, 2506, 2108, 2146, 2232, 2248, 2442, 2467, 2484, 338, 446, 393, 286, 317, 1471, 840, 442, 1466, 1524, 980, 1383, 1325, 1720, 1755, 1851, 1082, 1106, 1261, 1396, 1857, 1303, 1897, 1887, 1957, 2144, 2493, 2544, 2024, 2566, 1904, 2352, 2157, 916, 350, 494, 524, 1020, 1227, 596, 1491, 1581, 1285, 1549, 1083, 572, 498, 379, 1485, 1643, 2679, 3239, 3264, 3330, 3378, 2610, 2811, 2862, 3015, 1102, 1267, 1683, 2793, 3116, 3340, 2885, 3146, 1641, 1708, 1536, 930, 1539, 1364, 1105, 874, 1469, 2402, 2417, 2498, 1882, 1877, 1896, 2179, 128, 1909, 1918, 2276, 2286, 2323, 2458, 1873, 1899, 2020, 2025, 2097, 2160, 2164, 2170, 2231, 2240, 2252, 2088, 2430, 2177, 2558, 2601, 2008, 2124, 1943, 1950, 2289, 2502, 2027, 2131, 2186, 2201, 2584, 2178, 2204, 2258, 2338, 1982, 2149, 1895, 1911, 2447, 2532, 2233, 2347, 1868, 1876, 2090, 2283, 2325, 2180, 273, 556, 567, 586, 630, 659
414,1149, 512, 1623, 722, 808, 827, 732, 1280, 1427, 1690, 928, 2840, 2949, 2912, 1586, 1404, 1575, 1987, 2150, 2565, 1158, 1542, 523, 471, 719, 3832, 469, 1163, 1022, 1733, 1384, 1744, 2308, 2591, 489, 506, 537, 493, 761, 684, 664, 474, 1599, 995, 1096, 3184, 3323, 3148, 1769, 3004, 3294, 3118, 1113, 1721, 1413, 872, 1440, 926, 735, 2477, 2550, 2572, 1898, 1910, 2387, 458, 1758, 2968, 1617, 1460, 1332, 472, 370, 1034, 880, 1424, 955, 1828, 1831, 383, 94, 1630, 1200, 896, 1181, 957, 1636, 1195, 927, 2246, 1928, 1936, 1941, 2453, 2557, 500, 534, 395, 778, 454, 551, 762, 769, 1533, 1467, 1131, 2982, 3082, 3108, 3278, 2964, 1269, 2884, 2998, 3211, 1527, 900, 1684, 2056, 2300, 1894, 1935, 2073, 2155, 2228, 2253, 2339, 2420, 2488, 1881, 2001, 2053, 2120, 2282, 2307, 2433, 2501, 2503, 2511, 1926, 2391, 2285, 2320, 2389, 2235, 2459, 2278, 2082, 2449, 2552, 2116, 2470, 2257, 2238, 2321, 1994, 2028, 2590, 2398, 581, 590, 603, 643, 648, 1037, 1705, 696, 478, 2975, 3023, 3123, 3168, 1772, 3025, 2611, 2660, 2724, 2087, 2083, 2343, 2169, 2480, 2165, 388, 1597, 1378, 1000, 2080, 2118, 1958, 1059, 2981, 3043, 2707, 3035, 3285, 3317, 2895, 2746, 2959, 2965, 2969, 3059, 1661, 2370, 2311, 2013, 2021, 2099, 2249, 2275, 2121, 2410, 2197, 1258, 1193, 1067, 2667, 2807, 1063, 2193, 2003, 2560, 2602, 1879, 238, 1793, 1507, 2086, 2220, 2261, 2382, 2576, 1870, 1913, 1924, 2429, 2500, 2183, 2348, 2362, 1944, 658, 3113, 3156, 3197, 3208, 2624, 2673, 2677, 2665, 2691, 3133, 3136, 2852, 2940, 3022, 3048, 3291, 3062, 3066, 3288, 2817, 3353, 3276, 2823, 3366, 3170, 3205, 3169, 3350, 2742, 3355, 2668, 2727, 2939, 3028, 2612, 2613, 2637, 2662, 2666, 2694, 2761, 2762, 2779, 2787, 2795, 2804, 2808, 2832, 2970, 2973, 3000, 3037, 3077, 3150, 3231, 3256, 3306, 1493, 1293, 2580, 1981, 2331, 1980, 50, 117, 2077, 2091, 2094, 2367, 2587, 2127, 2134, 2277, 2363, 2399, 2414, 2435, 2512, 2564, 2301, 2327, 2360, 2471, 2551, 2095, 2172, 2213, 2227, 2357, 2549, 2034, 2058, 2260, 2029, 2067, 2011, 2038, 2139, 2198, 2262, 2525, 2167, 2224, 2306, 2344, 2443, 2451, 2529, 2556, 2145, 2574, 1993, 2014, 2455, 2187, 2256, 2305, 2033, 2211, 2309, 2334, 2457, 2043, 2047, 2078, 1961, 2154, 2419, 1945, 2490, 2536, 1919, 1942, 2012, 2371, 1927, 2446, 2450, 2452, 1902, 1976, 2369, 2563, 2141, 2163, 1891, 1906, 1914, 1951, 1962, 1964, 1967, 2002, 2026, 2040, 2100, 2336, 2350, 2393, 2406, 2441, 2485, 2555, 2569, 2589, 119, 601, 651, 598, 602, 597
410,858, 1294, 1515, 569, 988, 1787, 1257, 1061, 434, 554, 714, 756, 1732, 1522, 1027, 2775, 1490, 1090, 3303, 3007, 1205, 1456, 1556, 2595, 2132, 2368, 632, 2851, 2947, 1816, 1214, 1058, 1385, 1937, 1985, 347, 172, 302, 786, 1339, 1605, 868, 1458, 921, 1049, 2189, 456, 639, 705, 680, 1278, 1276, 3221, 3281, 3091, 3196, 3265, 1590, 3243, 2287, 1956, 2064, 2322, 1949, 2166, 2292, 2515, 2206, 2385, 2110, 2561, 196, 220, 571, 591, 623, 638, 652, 1611, 1719, 1333, 1403, 433, 513, 2829, 2972, 3271, 3155, 2065, 2487, 580, 548, 462, 1932, 2071, 520, 2882, 3016, 3052, 3141, 2717, 3033, 3329, 2924, 904, 2383, 2162, 2349, 3349, 2380, 1920, 332, 1741, 2194, 2381, 2575, 2528, 2604, 1999, 2015, 2050, 2345, 2539, 2176, 2332, 2342, 2366, 1459, 2792, 3056, 3347, 2697, 3149, 3216, 3225, 3131, 2682, 2797, 3360, 2636, 2801, 2824, 3241, 3040, 3240, 3373, 2781, 3220, 3324, 3341, 2943, 2777, 3274, 2730, 2615, 2639, 2659, 2676, 2698, 2712, 2774, 2778, 2820, 2848, 2871, 2894, 2921, 2935, 2957, 2958, 2978, 2993, 3012, 3089, 3090, 3124, 3139, 3157, 3195, 3238, 3254, 3280, 3282, 3295, 3296, 3337, 3338, 2427, 2359, 2559, 1954, 2237, 2585, 2030, 2568, 2143, 2329, 1922, 2076, 2428, 1996, 2048, 2505, 1989, 2316, 2579, 2475, 2472, 2361, 2421, 1885, 2109, 2119, 2293, 2510, 2264, 1986, 2175, 2319, 2279, 2408, 2424, 1971, 2156, 2168, 2173, 2181, 2225, 2290, 2355, 2464, 2483, 2603, 642, 584, 3233, 3103, 1155, 1503, 1564, 2661, 2702, 3218, 3235, 2045, 2079, 2284, 2041, 2191, 2534, 2744, 2881, 2582, 2597, 1978, 2250, 2596, 1883, 2039, 2063, 2412, 3096, 3143, 2719, 2887, 2729, 3021, 2849, 2497, 2207, 2541, 2416, 2229, 2543, 1874, 1939, 2216, 2522, 2241, 2031, 2019, 2440, 2514, 2523, 2554, 2476, 2263, 604, 565, 640, 574, 2651, 3300, 3305, 2753, 2663, 1992, 3289, 3286, 3204, 2937, 3246, 3047, 2633, 2650, 2623, 2996, 2700, 2112, 2548, 1916, 2130, 2593, 1940, 2174, 2259, 2606, 1929, 1947, 2317, 2607, 1907, 562, 3199, 3125, 2635, 2664, 3117, 3132, 3359, 3005, 3304, 3053, 3144, 3191, 3223, 3362, 3078, 3151, 3224, 3325, 3115, 3322, 2657, 2790, 2789, 3057, 3242, 3257, 3061, 2669, 3098, 2898, 3130, 3365, 2736, 3244, 2917, 3088, 3024, 3370, 52, 3042, 3095, 2764, 2854, 2735, 3334, 2687, 2825, 2835, 2974, 3065, 3120, 2105, 1955, 97, 254, 300, 319, 26, 2540, 2070, 2573, 2436, 1953, 2504, 2312, 2243, 2376, 2526, 2524, 2507, 2215, 2340, 2059, 2346, 2386, 2068, 2378, 2594, 1960, 2401, 1886, 1991, 2454, 2114, 2318, 629, 613
322,3284, 1650, 970, 1836, 1545, 3122, 2631, 1097, 1073, 583, 611, 365, 2903, 2955, 1209, 3014, 3263, 1965, 557, 559, 564, 616, 637, 855, 2953, 3106, 1186, 2315, 656, 1029, 1316, 977, 1908, 2489, 3164, 2842, 2906, 1938, 2184, 2096, 206, 422, 1148, 870, 631, 1317, 595, 3356, 3299, 2614, 3017, 2745, 3311, 2652, 2693, 2703, 2706, 2709, 2715, 2723, 2741, 2757, 2759, 2798, 2837, 2865, 2877, 2902, 2954, 3001, 3093, 3251, 3261, 3297, 3371, 2517, 80, 96, 2004, 2244, 2022, 2482, 1923, 1972, 2044, 2051, 2199, 2274, 2294, 2358, 2388, 2456, 2486, 2530, 2545, 114, 620, 588, 3167, 3222, 3105, 2886, 1511, 2796, 1224, 2379, 1875, 1968, 764, 675, 3279, 3363, 2740, 3032, 3152, 2751, 2016, 2102, 593, 579, 3354, 3217, 3260, 2586, 3160, 3180, 2985, 3008, 2621, 2354, 2111, 2990, 2431, 2148, 2185, 2196, 1900, 2405, 47, 2533, 2608, 1975, 2418, 3273, 3290, 3200, 3346, 2869, 2988, 3154, 3209, 2918, 3232, 3321, 3206, 2816, 2721, 3086, 2986, 2738, 2821, 3085, 2643, 2704, 2860, 2922, 3036, 3176, 3331, 2814, 2739, 2752, 2688, 2951, 3292, 2853, 2864, 2875, 3081, 2872, 3070, 3307, 2642, 2126, 66, 161, 2212, 2000, 2562, 1977, 2535, 2052, 2588, 2101, 2364, 2474, 2084, 2085, 2182, 2324, 1892, 1946, 2266, 2448, 2006, 2411, 240, 647, 600, 3029, 331, 201, 203, 772, 1363, 888, 894, 1052, 231, 255, 0, 221, 605, 566, 1884, 2645, 2866, 2813, 2765, 2819, 3219, 1983, 2017, 2826, 2617, 2714, 2963, 3092, 2933, 2941, 3171, 3186, 2616, 2908, 2948, 2873, 3054, 2776, 2708, 3069, 2758, 3377, 2859, 2892, 2838, 2271, 2445, 2537, 2210, 1933, 2732, 2897, 1970, 2806, 2223, 634, 612, 558, 3183, 2861, 2081, 2190, 2439, 2567, 2205, 2400, 2997, 3309, 3055, 3192, 3287, 2846, 3275, 2785, 3003, 3283, 2904, 3011, 3228, 3308, 2625, 2628, 3268, 3234, 3044, 2800, 2888, 2828, 2977, 2705, 2726, 2710, 2980, 2942, 3140, 3343, 2655, 2863, 3060, 2822, 3104, 3182, 2858, 2936, 266, 282, 312, 13, 67, 2171, 2147, 1931
231,1688, 1716, 1520, 910, 3335, 3348, 3267, 1382, 1861, 3159, 2684, 2646, 2696, 2725, 2890, 2932, 2946, 3051, 3236, 3253, 3328, 2035, 2107, 2115, 2123, 2140, 2192, 2288, 2375, 2377, 2438, 2519, 2303, 392, 2905, 1670, 1215, 866, 1437, 2161, 2831, 1969, 2768, 3339, 2265, 2531, 560, 654, 3137, 3063, 3203, 1921, 3313, 2314, 179, 2396, 1948, 594, 2979, 3318, 2938, 3049, 2836, 2695, 2678, 2786, 2780, 3201, 1974, 61, 278, 2214, 570, 852, 3272, 3013, 186, 325, 35, 113, 124, 150, 162, 241, 2656, 87, 9, 626, 641, 645, 609, 3058, 3119, 2791, 243, 2609, 2600, 2767, 2734, 2874, 3039, 3097, 3166, 2701, 2944, 3327, 2699, 2810, 2971, 3165, 3358, 2815, 3175, 2638, 2794, 3138, 3026, 610, 1018, 582, 2686, 2295, 2491, 2527, 2299, 3368, 3237, 2994, 2632, 2868, 2722, 3050, 2845, 3245, 202, 70, 2392, 2239, 2927, 3185, 608, 577, 633, 2995, 3270, 2755, 2952, 2731, 3255, 3367, 2962, 2915, 3073, 153, 192, 2219, 2005, 2128, 2434, 224, 270, 284, 3229, 649, 3342, 2466, 2571, 2577, 1979, 183, 3372, 2690, 2622, 2629, 2934, 3173, 3361, 3019, 2879, 2926, 2749, 2987, 3248, 3084, 2618, 2857, 3178, 2844, 75, 1890, 2075, 2007, 1934, 134, 290, 279, 33, 56, 151, 174, 181, 232, 265, 304, 314, 213, 3134, 3099, 2812, 2983, 3230, 3083, 2925, 3112, 3187, 3266, 635, 2151, 1878, 2060, 2929, 3379, 2788, 3129, 2876, 2647, 3344, 3247, 3030, 309, 91
142,824, 2508, 3153, 2883, 2473, 2496, 1869, 2353, 1410, 2513, 3364, 2961, 2760, 3198, 2999, 2670, 120, 199, 318, 327, 2267, 2302, 2913, 191, 212, 246, 3302, 2711, 2799, 3179, 2976, 2270, 2136, 2880, 2634, 2733, 2718, 2914, 2833, 3031, 2893, 3181, 260, 227, 57, 211, 2403, 2509, 978, 599, 2054, 58, 437, 2930, 2654, 2855, 2640, 3002, 2037, 2202, 2437, 2032, 2069, 2269, 2599, 3045, 2901, 2680, 3374, 285, 237, 305, 2407, 2479, 164, 20, 65, 105, 123, 126, 146, 158, 175, 184, 248, 268, 326, 655, 2769, 2818, 2867, 3158, 1905, 3194, 2839, 310, 261, 22, 3326, 1889, 3102, 289, 2125, 2743, 68, 115, 27, 168, 228, 198, 269, 328, 3135, 3147, 2891, 2425, 3075, 3380, 2630, 3315, 2644, 2648, 3262, 3269, 301, 39, 178, 307, 17, 21, 59, 180, 250, 619, 2062, 2784, 2658, 2365, 2896, 2802, 225, 249
69,342, 561, 3079, 2910, 3034, 2683, 2756, 2909, 3301, 3319, 3018, 3162, 3375, 274, 3227, 2720, 5, 2649, 1990, 3109, 2675, 51, 85, 30, 71, 130, 166, 209, 258, 298, 2692, 2989, 2074, 2230, 2672, 195, 2313, 3250, 72, 110, 177, 133, 3, 109, 2356, 247, 111, 157, 2992, 140, 7, 90, 205, 1, 170, 2620, 2273, 3076, 2384, 169, 125, 78, 295, 148, 49, 106, 42, 11, 81
48,2234, 3210, 1880, 2770, 2520, 1179, 8, 31, 95, 116, 143, 226, 272, 288, 3277, 3072, 2856, 281, 34, 122, 2956, 3101, 138, 321, 2046, 3258, 2117, 2326, 101, 77, 3259, 2747, 2605, 189, 63, 2907, 69, 152, 3312, 2843, 235, 2783, 4, 3094, 311, 44, 60, 118
29,1952, 2750, 3332, 2570, 3020, 102, 10, 129, 88, 3027, 2945, 2773, 291, 2754, 2581, 46, 2397, 210, 3172, 2626, 2841, 263, 2900, 48, 252, 299, 12, 127, 2619
13,3121, 3041, 208, 234, 160, 98, 53, 99, 283, 297, 154, 251, 2716
11,2911, 25, 257, 79, 135, 313, 2919, 24, 16, 329, 216
8,3252, 19, 142, 3333, 89, 2, 323, 107
14,28, 136, 3336, 306, 167, 267, 62, 104, 108, 132, 38, 147, 182, 256
4,14, 215, 15, 214
5,141, 320, 92, 93, 149
1,36
2,3174, 204
0,
0,
0,
0,
0,
