1,3381
21,3387, 3403, 3434, 3455, 3470, 3471, 3519, 3546, 3621, 3691, 3796, 3799, 3801, 3814, 3819, 3825, 3846, 3850, 3860, 3878, 3908
54,3389, 3399, 3412, 3418, 3430, 3444, 3452, 3485, 3495, 3504, 3525, 3528, 3532, 3541, 3564, 3568, 3576, 3590, 3619, 3623, 3627, 3649, 3666, 3670, 3693, 3712, 3717, 3721, 3747, 3766, 3792, 3794, 3829, 3843, 3897, 3903, 3863, 3498, 3740, 3394, 3456, 3695, 3401, 3460, 3765, 3487, 3501, 3390, 3526, 3879, 3480, 3664, 3542, 3569
54,3499, 3859, 3714, 3730, 3870, 3642, 3669, 3793, 3415, 3476, 3500, 3719, 3677, 3477, 3506, 3558, 3711, 3817, 3575, 3698, 3661, 3421, 3905, 3833, 3754, 3581, 3773, 3488, 3690, 3881, 3478, 3392, 3632, 3657, 3624, 3780, 3583, 3705, 3411, 3816, 3566, 3596, 3635, 3637, 3660, 3682, 3727, 3517, 3545, 3511, 3483, 3597, 3410, 3790
66,3745, 3484, 3749, 3872, 3417, 3386, 3534, 3448, 3442, 3761, 3768, 3384, 3565, 3607, 3610, 3722, 3776, 3591, 3687, 3696, 3574, 3777, 3880, 3464, 3898, 3806, 3515, 3692, 3734, 3835, 3876, 3427, 3552, 3612, 3787, 3746, 3611, 3510, 3405, 3864, 3811, 3828, 3889, 3877, 3888, 3522, 3645, 3439, 3895, 3673, 3550, 3492, 3630, 3831, 3554, 3580, 3672, 3862, 833, 3763, 3537, 3824, 3646, 3451, 3536, 3509
51,3883, 3425, 3441, 3653, 3760, 3764, 3658, 3435, 3739, 3620, 3758, 3512, 3520, 3848, 3667, 3445, 3469, 3514, 3633, 3422, 3433, 3465, 3398, 3594, 3393, 3629, 3786, 3810, 3668, 3839, 3549, 3890, 3572, 3482, 3771, 3426, 3527, 3674, 3679, 3910, 3643, 3617, 3437, 3462, 3413, 3605, 3731, 3563, 3533, 3803, 3845
34,3450, 3838, 3614, 3882, 3382, 3805, 3407, 3461, 3556, 3827, 3603, 3494, 3467, 3598, 3626, 3836, 3513, 3408, 3608, 3589, 3647, 3736, 3396, 3518, 3900, 3651, 3459, 3901, 3652, 3648, 3438, 3496, 3757, 3802
29,3665, 3704, 3701, 3840, 3577, 3468, 3675, 3723, 3559, 3567, 3875, 3446, 3562, 3584, 3650, 3463, 3551, 3821, 3906, 3397, 3505, 3902, 3904, 3561, 3857, 3447, 3489, 3428, 3543
14,3713, 3615, 3729, 3570, 3474, 3497, 3770, 3800, 3759, 3599, 3641, 3715, 3738, 3789
5,3842, 3849, 3654, 3694, 3907
4,3896, 3636, 3685, 3540
4,3678, 3866, 3892, 3854
2,3720, 3756
2,3582, 3853
1,3595
0,
0,
0,
0,
0,
