1,3381
21,3451, 3475, 3493, 3504, 3505, 3509, 3510, 3523, 3570, 3583, 3590, 3598, 3623, 3631, 3657, 3682, 3718, 3754, 3789, 3866, 3906
33,3426, 3529, 3565, 3569, 3597, 3668, 3684, 3694, 3720, 3730, 3740, 3755, 3783, 3823, 3896, 3833, 3883, 3893, 3635, 3606, 3652, 3690, 3785, 3417, 3517, 3693, 3810, 3410, 3525, 3542, 3708, 3604, 3745
68,3389, 3427, 3452, 3461, 3464, 3477, 3484, 3491, 3551, 3578, 3618, 3628, 3649, 3669, 3678, 3679, 3734, 3856, 3875, 3884, 3495, 3705, 3448, 3770, 3487, 3518, 3537, 3736, 3467, 3857, 3719, 3757, 3548, 3582, 3443, 3463, 3850, 3568, 3581, 3771, 3768, 3721, 3773, 3430, 3576, 3860, 3503, 3532, 3746, 3554, 3854, 3577, 3673, 3539, 3787, 3859, 3392, 3793, 3709, 3422, 3862, 3501, 3400, 3584, 3466, 3406, 3432, 3636
86,3391, 3420, 3424, 3453, 3456, 3498, 3508, 3512, 3547, 3549, 3603, 3638, 3639, 3677, 3696, 3700, 3723, 3727, 3764, 3765, 3792, 3794, 3813, 3849, 3889, 3892, 3894, 3534, 3847, 3500, 3556, 3806, 3845, 3428, 3761, 3642, 3824, 3470, 1050, 3633, 3687, 3731, 3836, 3837, 3471, 3910, 3485, 3545, 3661, 3863, 3395, 3437, 3552, 3574, 3776, 3870, 3546, 3621, 3722, 3596, 3803, 3425, 3839, 3450, 3697, 3397, 3801, 3791, 3519, 3612, 3835, 3553, 3739, 3877, 3587, 3738, 3800, 3531, 3903, 3398, 3675, 3900, 3571, 3402, 3853, 3595
98,3403, 3415, 3442, 3460, 3499, 3514, 3541, 3550, 3555, 3591, 3613, 3686, 3716, 3756, 3820, 3821, 3886, 3895, 3879, 3672, 3506, 3387, 3795, 3777, 3695, 3758, 3648, 3762, 3781, 3728, 3558, 3653, 3624, 3476, 3881, 3622, 3390, 3782, 3627, 3440, 3660, 3585, 3868, 3394, 3725, 3898, 3393, 3482, 3822, 3405, 3528, 3751, 3766, 3807, 3826, 3843, 3641, 3786, 3433, 3760, 3404, 3763, 3817, 3511, 3589, 3846, 3407, 3414, 3411, 3496, 3396, 3533, 3497, 3842, 3780, 1140, 1278, 1370, 3617, 3732, 3880, 3901, 3829, 3651, 3607, 3632, 3819, 3691, 3480, 3536, 3637, 3516, 3408, 3540, 3386, 3559, 3759, 3676
63,3535, 3681, 3701, 3522, 3502, 3878, 3647, 3685, 3802, 3423, 3710, 3468, 3620, 3435, 3418, 3848, 3748, 3750, 3599, 3667, 3840, 3799, 3564, 3611, 3646, 3439, 3704, 3538, 3434, 3851, 3650, 3852, 3645, 3692, 3521, 3457, 3602, 3711, 3383, 3735, 3594, 3832, 3767, 1099, 1268, 3869, 3469, 3382, 3614, 3698, 3904, 3726, 3384, 3713, 3630, 3811, 3717, 3438, 3625, 3527, 3864, 3459, 1760
41,3703, 3858, 3575, 3608, 3706, 3659, 3566, 3454, 3874, 3816, 3876, 3753, 3778, 3610, 3520, 3413, 1149, 1545, 3733, 829, 3492, 3524, 3619, 833, 3488, 3592, 1330, 1822, 1794, 1062, 1212, 3483, 3828, 3798, 3478, 3573, 3579, 546, 875, 1038, 3416
54,3561, 3544, 3729, 3513, 3447, 3445, 3772, 3458, 3838, 3557, 3441, 3844, 3444, 3615, 1496, 1662, 3784, 3543, 3841, 3872, 3665, 3563, 3707, 3643, 3825, 1053, 3774, 3873, 3831, 3654, 1286, 1655, 1235, 3481, 100, 1763, 1676, 3805, 3526, 3562, 671, 3827, 3605, 1802, 1464, 1537, 1623, 1178, 417, 439, 461, 525, 1042, 1514
119,3634, 3902, 3609, 1381, 3909, 3882, 3674, 3775, 3888, 3899, 3666, 3689, 3567, 1715, 938, 1658, 3601, 3664, 3804, 3812, 3834, 1470, 1572, 3436, 3724, 1525, 3412, 3871, 3385, 1807, 892, 1262, 1321, 1107, 412, 420, 453, 1393, 3779, 3797, 3680, 3474, 3658, 3663, 468, 549, 866, 891, 945, 949, 1005, 1011, 1012, 1073, 1085, 1103, 1111, 1129, 1179, 1199, 1238, 1250, 1275, 1293, 1312, 1313, 1314, 1317, 1324, 1332, 1366, 1423, 1435, 1445, 1526, 1528, 1530, 1539, 1558, 1579, 1580, 1593, 1595, 1601, 1608, 1617, 1622, 1633, 1637, 1659, 1684, 1685, 1720, 1739, 1749, 1752, 1774, 1779, 1841, 1846, 1641, 1405, 1512, 1550, 749, 850, 887, 956, 1123, 1472, 1776, 2968, 1410, 1495, 444, 540, 536, 551, 334
276,3867, 3747, 3419, 3401, 3586, 1136, 1026, 3429, 3421, 932, 1273, 1155, 1782, 3588, 411, 440, 533, 1457, 3399, 1499, 3465, 916, 998, 348, 563, 578, 614, 865, 904, 941, 957, 967, 968, 987, 997, 1018, 1029, 1056, 1064, 1079, 1081, 1091, 1092, 1097, 1153, 1160, 1231, 1242, 1265, 1266, 1329, 1355, 1356, 1358, 1384, 1385, 1419, 1426, 1438, 1459, 1489, 1518, 1556, 1560, 1611, 1620, 1646, 1687, 1694, 1703, 1719, 1759, 1784, 1796, 1823, 1860, 775, 832, 851, 1839, 1057, 1127, 1613, 459, 491, 498, 490, 1744, 1791, 1345, 1421, 1298, 1024, 1569, 890, 1165, 382, 1184, 1261, 1319, 1382, 415, 421, 455, 508, 960, 1328, 1359, 1619, 1710, 886, 1850, 883, 1088, 1087, 1089, 1122, 1161, 1200, 1204, 1567, 1714, 1236, 1299, 1500, 1035, 1117, 1747, 1773, 1446, 1468, 1476, 1570, 931, 1115, 1134, 1135, 1163, 1247, 1392, 1422, 1534, 1548, 1618, 1740, 1190, 1820, 958, 903, 1387, 1322, 1351, 1538, 1594, 1748, 1757, 1798, 1805, 964, 1230, 1249, 1254, 1300, 1173, 1507, 1661, 1407, 1339, 1626, 1780, 1216, 1510, 1376, 923, 1616, 1645, 1835, 873, 962, 969, 1420, 1521, 1203, 984, 1120, 906, 1450, 1725, 1033, 1045, 1471, 1766, 918, 1232, 1391, 1418, 1051, 1068, 1188, 885, 911, 1044, 1337, 1557, 1671, 1707, 992, 2615, 2619, 2625, 2628, 2640, 2643, 2664, 2691, 2709, 2721, 2724, 2741, 2775, 2792, 2844, 2882, 2890, 2902, 2914, 2921, 2924, 2939, 2945, 2949, 2958, 2966, 2979, 3021, 3042, 3045, 3094, 3103, 3136, 3140, 3154, 3155, 3159, 3177, 3195, 3214, 3238, 3297, 3306, 3308, 3329, 3368, 988, 994, 1244, 1519, 1790, 1513, 1554, 3356, 445, 410, 373, 405, 408, 480, 512, 344, 346, 442, 471, 505, 528, 550, 165
492,1289, 3600, 3688, 836, 1380, 354, 392, 416, 494, 1644, 625, 940, 944, 951, 954, 966, 989, 1003, 1016, 1078, 1084, 1094, 1209, 1241, 1258, 1263, 1291, 1357, 1363, 1463, 1481, 1493, 1505, 1529, 1533, 1543, 1573, 1586, 1591, 1654, 1672, 1750, 1775, 1826, 676, 777, 859, 955, 1304, 1404, 511, 355, 359, 506, 352, 1803, 3150, 1683, 481, 374, 441, 1697, 575, 933, 509, 522, 1479, 1362, 1856, 467, 878, 1792, 1844, 1043, 1576, 1243, 1859, 869, 1196, 1625, 1095, 1585, 1475, 1336, 1444, 1555, 1577, 1767, 993, 1013, 1041, 1170, 1180, 1403, 1786, 1605, 1148, 1412, 1133, 1836, 1851, 1177, 1566, 1596, 1858, 1108, 1167, 1305, 917, 1483, 985, 1072, 1600, 1674, 1693, 1297, 1663, 863, 1568, 1031, 913, 882, 1217, 1762, 1801, 1353, 879, 1721, 1730, 881, 1144, 1722, 1756, 1861, 1456, 2614, 2627, 2636, 2695, 2702, 2740, 2763, 2805, 2818, 2820, 2828, 2830, 2853, 2876, 2907, 2920, 2954, 2987, 3025, 3027, 3039, 3054, 3135, 3146, 3148, 3192, 3206, 3229, 3263, 3272, 3277, 3281, 3285, 3302, 3316, 3322, 3347, 3350, 3373, 3380, 52, 1478, 1010, 1814, 1014, 1040, 1074, 1541, 1186, 463, 553, 399, 472, 395, 462, 502, 1350, 488, 402, 1288, 1279, 1630, 1634, 1649, 501, 1194, 1306, 1673, 1686, 1689, 1831, 1636, 1758, 1439, 1208, 1743, 1048, 1769, 1818, 980, 1192, 1259, 1416, 1632, 1172, 1578, 1718, 1829, 1320, 1487, 1474, 1206, 1716, 1742, 930, 1430, 943, 1233, 1777, 1066, 1804, 1245, 1157, 1338, 1828, 983, 899, 1761, 1678, 1824, 1664, 1248, 1427, 1833, 1183, 1369, 1692, 1624, 1239, 1610, 1681, 1428, 1607, 812, 701, 743, 858, 837, 1736, 1574, 982, 2713, 1274, 1281, 429, 510, 351, 424, 435, 1832, 870, 1795, 991, 1429, 1783, 1143, 1146, 1191, 1251, 507, 341, 343, 1602, 1141, 484, 1246, 1341, 1642, 1395, 1708, 1063, 1121, 1182, 1285, 1334, 1638, 1669, 1071, 1547, 1640, 971, 924, 1168, 1331, 1497, 1770, 1086, 912, 1175, 1709, 1065, 1441, 1455, 1132, 1702, 1785, 1257, 1581, 1145, 1629, 1006, 1800, 1154, 1809, 1753, 1252, 1399, 1125, 1789, 1768, 1498, 1849, 1398, 1032, 1083, 1218, 1612, 1434, 1373, 1114, 1553, 1589, 895, 1105, 1546, 1506, 1565, 1842, 1680, 925, 1098, 1228, 1711, 1039, 1348, 1301, 1491, 1609, 1333, 1628, 1799, 1142, 1854, 897, 1137, 1447, 1698, 1118, 1080, 1729, 1746, 1284, 1292, 1093, 1817, 1019, 1461, 1417, 1837, 990, 413, 947, 1147, 1561, 1571, 1523, 1383, 1604, 1699, 1283, 1295, 1847, 1726, 2827, 3255, 3262, 2731, 2917, 2934, 2942, 3095, 2706, 2875, 2877, 2894, 2941, 3370, 2712, 2755, 3120, 3328, 2816, 3200, 2988, 3052, 2780, 3240, 3318, 2700, 2950, 2673, 2892, 3031, 2798, 2645, 2970, 2632, 2812, 2839, 2904, 2998, 3264, 3340, 2697, 2717, 2633, 2684, 2823, 3221, 3010, 1365, 2895, 3100, 3290, 3199, 3143, 3341, 3307, 2618, 2726, 2863, 2974, 2683, 2899, 2940, 2864, 2865, 2711, 2736, 3188, 3152, 3247, 2610, 3231, 3293, 2655, 3038, 3060, 2936, 3091, 3164, 3313, 1812, 1211, 2677, 2679, 3108, 358, 621, 627, 458, 538, 476, 389, 446, 363, 372
482,3715, 3865, 978, 427, 515, 537, 539, 3749, 915, 896, 976, 1025, 1075, 1377, 1449, 1453, 1462, 1482, 1508, 1509, 1597, 1778, 1797, 726, 862, 1675, 3189, 1227, 1866, 523, 3830, 867, 3809, 935, 495, 425, 377, 423, 487, 1501, 1349, 1587, 1101, 1414, 1540, 979, 1110, 1126, 1201, 1700, 1059, 952, 1112, 1270, 1411, 1492, 1296, 893, 1386, 1821, 1867, 1583, 1737, 1015, 2653, 2657, 2667, 2747, 2761, 2782, 2802, 2866, 2870, 2872, 2889, 2891, 2906, 2929, 2935, 2947, 2995, 3059, 3069, 3087, 3099, 3175, 3208, 3248, 3260, 3273, 3286, 3294, 3317, 3321, 3359, 3360, 1409, 999, 3284, 2916, 3125, 1862, 1318, 347, 449, 381, 349, 362, 457, 520, 1691, 1575, 1808, 1335, 653, 1502, 1853, 1838, 1454, 1552, 1731, 1590, 1207, 1813, 617, 1827, 1340, 1415, 1442, 1562, 1494, 1516, 1433, 691, 1425, 1816, 3110, 530, 385, 387, 1326, 406, 1027, 587, 393, 521, 542, 526, 1302, 1264, 1277, 1656, 1460, 1515, 1327, 1102, 1682, 1187, 1484, 1408, 874, 1234, 1531, 986, 1001, 1549, 922, 1253, 936, 953, 1815, 1220, 1755, 1751, 1171, 1021, 1397, 1857, 1643, 1100, 1728, 1176, 1046, 1806, 1406, 1723, 937, 948, 1503, 1542, 1389, 1592, 2722, 2652, 3326, 2776, 2861, 2630, 2888, 2825, 2868, 3292, 3033, 3203, 2719, 3047, 3295, 3335, 3355, 3111, 3156, 2639, 3138, 2638, 2869, 3327, 3334, 2860, 3209, 2867, 3105, 2980, 3251, 3310, 3363, 3109, 3012, 2744, 2955, 2862, 2733, 2824, 3018, 3043, 3086, 3246, 2707, 2850, 3211, 2758, 3178, 2981, 3197, 2846, 3049, 3123, 497, 644, 339, 361, 529, 572, 419, 1855, 926, 1724, 1431, 1197, 1532, 928, 1276, 1432, 720, 727, 754, 660, 779, 700, 704, 3082, 1396, 1527, 1764, 1229, 436, 657, 548, 376, 465, 1347, 353, 1002, 500, 366, 1017, 1653, 466, 1834, 477, 592, 884, 864, 1308, 1158, 1290, 1704, 898, 1106, 1781, 1028, 1413, 1788, 2660, 3028, 2742, 3096, 2767, 3053, 2769, 3283, 2694, 2749, 2788, 2952, 2854, 3171, 2704, 2922, 3338, 2810, 2682, 3014, 2905, 2985, 3228, 2623, 2796, 3242, 2829, 2937, 3057, 2662, 3304, 2896, 0, 1631, 561, 601, 1198, 532, 1368, 1311, 1648, 934, 1771, 907, 1863, 1679, 1174, 905, 662, 802, 815, 678, 723, 855, 2959, 357, 496, 1360, 1651, 1280, 397, 401, 1467, 1660, 909, 919, 1367, 889, 1037, 1151, 1504, 1166, 1488, 1666, 1811, 1466, 1424, 1448, 1364, 946, 1047, 1473, 1652, 1520, 1076, 573, 643, 1443, 1451, 3112, 2815, 2962, 2994, 2735, 2859, 2893, 2977, 3036, 3050, 3268, 2687, 3081, 3083, 3331, 2710, 2759, 2933, 2948, 3088, 2765, 2811, 2696, 2676, 3239, 2688, 3114, 2698, 2703, 3030, 3176, 2680, 3131, 2982, 2953, 3133, 3184, 2885, 3311, 2849, 3218, 2762, 3207, 2842, 3048, 3115, 2967, 3232, 3330, 3016, 2795, 3265, 3291, 3339, 3062, 3061, 3078, 3358, 3379, 2690, 2739, 2975, 3169, 3289, 3191, 2646, 3011, 2857, 3271, 3185, 3122, 2644, 2714, 3066, 3325, 3276, 2665, 3007, 2822, 3046, 2635, 2886, 3056, 2730, 3132, 3250, 380, 345, 585, 404, 478
380,3815, 3580, 3655, 1864, 880, 921, 1082, 1282, 1375, 1845, 776, 838, 853, 973, 554, 403, 407, 1023, 360, 499, 1096, 1402, 868, 1342, 1670, 1639, 1009, 1765, 2727, 2728, 2748, 2781, 2797, 2926, 2972, 2989, 3017, 3070, 3077, 3104, 3117, 3157, 3217, 3254, 3296, 3349, 1598, 1226, 527, 503, 356, 545, 3699, 3507, 3472, 632, 1255, 1677, 1787, 1303, 1852, 1164, 1070, 1735, 1152, 1352, 1793, 1667, 1696, 765, 531, 504, 1563, 611, 1128, 1007, 1727, 975, 1544, 1004, 1840, 1485, 1819, 2799, 2666, 2613, 2884, 2734, 2965, 2852, 2879, 3348, 3201, 2858, 2996, 3312, 3124, 2778, 2629, 3001, 3186, 2794, 3035, 3309, 3090, 2641, 73, 1240, 1309, 1139, 1104, 712, 787, 661, 711, 783, 3220, 1635, 1388, 927, 1536, 1193, 1061, 1582, 3106, 2669, 2957, 2821, 2647, 3065, 3227, 2668, 3022, 2764, 2637, 2843, 3225, 1745, 568, 596, 615, 626, 1077, 974, 1034, 1124, 1524, 1256, 1657, 1315, 1469, 791, 689, 848, 1020, 1394, 1310, 1701, 544, 1440, 1400, 972, 1378, 1054, 1267, 1210, 963, 1603, 447, 588, 1559, 3367, 2648, 2783, 2814, 3194, 2699, 2983, 2855, 3173, 2612, 3237, 3003, 3024, 2678, 3345, 3102, 3180, 3224, 2856, 2692, 2622, 3165, 3149, 2772, 2817, 3116, 2898, 3353, 3098, 3257, 2745, 2969, 2931, 2910, 3378, 2617, 3323, 2779, 3144, 2651, 2887, 3279, 3187, 2832, 3129, 3196, 2753, 3158, 2801, 2616, 2973, 2624, 2819, 2611, 2964, 3141, 340, 394, 383, 368, 1734, 454, 1371, 1988, 2072, 2242, 2289, 2352, 2498, 2591, 431, 338, 1738, 1222, 1202, 2831, 2880, 2715, 2845, 3230, 2626, 3267, 3163, 2725, 2908, 3241, 3205, 3130, 3235, 1325, 1606, 1271, 718, 789, 799, 2036, 2042, 2057, 2351, 2459, 398, 400, 1695, 1269, 1150, 1372, 2837, 3253, 3258, 2705, 2784, 3063, 3182, 2873, 3343, 2838, 2918, 2621, 3243, 3314, 2990, 3275, 3337, 2993, 2807, 3274, 3092, 3332, 2971, 914, 1316, 1294, 782, 667, 684, 686, 753, 780, 828, 800, 670, 725, 739, 819, 2944, 388, 443, 1159, 1490, 3044, 2912, 3183, 2913, 20, 21, 25, 42, 46, 53, 60, 74, 88, 91, 97, 111, 113, 134, 135, 211, 218, 231, 261, 268, 272, 297, 330, 637, 697, 750, 379, 1055, 1058, 2675, 2738, 2999, 3361, 3181, 3259, 2631, 3075, 2793, 2661, 2672, 3004, 3128, 3300, 3142, 2932, 3023, 3151, 3204, 2789, 2961, 3134, 3365, 3346, 3216, 350, 650
280,3560, 1116, 1452, 2718, 2809, 2903, 3029, 3051, 3064, 3071, 3101, 3153, 3174, 3319, 854, 1865, 2804, 3233, 519, 365, 450, 464, 486, 336, 1069, 1131, 693, 3222, 1060, 628, 370, 1343, 1830, 959, 583, 2930, 2901, 3245, 2826, 2720, 2777, 2997, 3032, 3364, 3354, 629, 1665, 1772, 2771, 3305, 1156, 1465, 950, 1219, 1221, 752, 790, 3167, 414, 473, 543, 1733, 1741, 2791, 2923, 3026, 2746, 3303, 2986, 163, 258, 603, 534, 513, 977, 929, 1825, 820, 713, 834, 1848, 390, 3019, 3344, 2900, 2708, 2754, 2874, 3288, 3179, 2915, 2790, 2693, 3085, 2729, 434, 1272, 2193, 2372, 2415, 3490, 1354, 3119, 2083, 2108, 2152, 2255, 902, 3269, 3377, 3236, 1205, 1706, 699, 714, 745, 707, 735, 766, 795, 942, 3190, 3089, 2978, 3118, 10, 14, 28, 56, 82, 229, 249, 265, 279, 289, 319, 641, 594, 773, 793, 817, 825, 710, 606, 3374, 2813, 2770, 3299, 3324, 3366, 3278, 2752, 3005, 3015, 3202, 3009, 557, 409, 1599, 1511, 3126, 2835, 3210, 1287, 1109, 796, 822, 1000, 2659, 2760, 2658, 85, 87, 770, 681, 2925, 2991, 2654, 821, 1522, 613, 654, 2768, 3058, 2800, 3249, 2080, 1896, 1911, 2178, 2506, 1876, 1915, 2425, 2449, 2518, 2557, 2559, 2028, 2149, 2226, 2398, 2087, 1944, 1963, 2321, 2153, 2221, 1903, 2186, 2223, 2286, 2422, 2423, 2431, 669, 731, 760, 2150, 2233, 2296, 2552, 2602, 1950, 2258, 2546, 2598, 1888, 2093, 2104, 2142, 2366, 2480, 2578, 2177, 2272, 2003, 2082, 3270, 746, 719, 805, 674, 806, 816, 814, 35, 246, 236, 67, 172, 201, 61, 126, 321, 102, 140, 260, 274, 302, 49, 168, 269, 9, 106, 22, 300, 75, 191, 94, 332, 203, 110, 129, 177, 655, 609, 635, 2836, 3139
259,651, 901, 1224, 1688, 846, 1223, 876, 1008, 1588, 910, 2878, 2938, 541, 1361, 981, 2642, 738, 801, 682, 733, 646, 1195, 2650, 2785, 2681, 1486, 610, 634, 645, 965, 809, 736, 2851, 367, 1189, 1437, 1551, 3113, 2686, 2656, 3256, 2848, 479, 842, 1882, 2124, 2283, 2463, 2943, 2009, 2021, 2442, 430, 1067, 1260, 3160, 2927, 3219, 2928, 2774, 668, 798, 807, 747, 3226, 2963, 2, 117, 160, 210, 216, 253, 278, 290, 312, 318, 1379, 566, 818, 721, 1090, 2671, 3168, 3166, 470, 639, 2806, 196, 2674, 810, 792, 3320, 3223, 2103, 2208, 2304, 2470, 2544, 1872, 2089, 2180, 2225, 2298, 2338, 2532, 128, 2010, 2300, 2315, 2370, 2484, 2066, 2106, 2146, 2332, 2404, 2462, 2488, 2539, 2592, 1982, 1998, 2088, 2201, 2222, 2391, 2586, 2378, 2189, 2410, 1937, 1959, 2135, 2204, 2213, 2558, 1984, 2291, 2547, 2413, 2494, 2013, 2157, 2337, 2389, 757, 692, 768, 1401, 226, 228, 114, 17, 306, 120, 192, 180, 34, 198, 179, 612, 2786, 3301, 1690, 433, 2685, 181, 2909, 2461, 2538, 1994, 2495, 1958, 2071, 2246, 1535, 118, 221, 310, 3008, 3362, 607, 1, 756, 556, 584, 2200, 2554, 1895, 2027, 2236, 2280, 2467, 2565, 1995, 2195, 2347, 2522, 1868, 1921, 1931, 2267, 2110, 2144, 2590, 2245, 2281, 2452, 2460, 2601, 2018, 1966, 2024, 2469, 2325, 2004, 2396, 2019, 2232, 2065, 2092, 2129, 2031, 2330, 2426, 2278, 2138, 2417, 1974, 2196, 2131, 2343, 2320, 2285, 2169, 1910, 1901, 2297, 2268, 2140, 2406, 2531, 125, 220, 309, 225, 81, 115, 254, 291, 195, 50, 96, 109, 27, 148, 178, 241, 604
268,474, 781, 493, 3234, 3193, 2840, 2871, 582, 622, 703, 852, 1713, 1049, 1181, 1615, 3315, 2098, 1732, 2218, 3282, 3127, 3261, 518, 1052, 744, 489, 2634, 11, 65, 71, 95, 121, 153, 164, 176, 197, 304, 329, 630, 732, 1346, 2743, 3040, 3147, 3076, 3170, 1458, 835, 562, 574, 2911, 492, 730, 569, 608, 579, 595, 3369, 3097, 3137, 2883, 3084, 2521, 2373, 2561, 1943, 2096, 2100, 2235, 2257, 2116, 2732, 3034, 679, 2099, 2368, 2387, 2420, 2447, 2566, 2956, 737, 122, 314, 266, 328, 98, 51, 66, 3006, 3161, 586, 590, 598, 764, 3213, 633, 717, 1987, 2163, 2247, 2430, 786, 666, 1705, 86, 636, 3252, 784, 788, 2756, 47, 238, 659, 580, 2056, 2238, 2520, 1879, 2542, 2482, 2282, 2176, 2349, 2385, 1904, 2175, 2179, 1900, 751, 2008, 1897, 2141, 2508, 1920, 263, 26, 286, 250, 63, 161, 57, 54, 162, 284, 3, 78, 282, 202, 119, 313, 623, 656, 597, 649, 939, 841, 2037, 2165, 2319, 2162, 124, 2919, 2275, 2481, 1928, 2126, 2322, 2433, 2490, 2497, 2511, 2543, 2555, 2604, 1894, 1927, 2276, 2112, 2197, 2334, 1992, 1926, 2453, 1908, 2251, 2090, 2510, 1939, 2058, 2067, 2095, 2224, 2309, 2443, 2308, 772, 19, 208, 638, 58, 3172, 2473, 2017, 133, 558, 1985, 2050, 2342, 2548, 1877, 1891, 1929, 1947, 1993, 1996, 2043, 2044, 2074, 2118, 2123, 2125, 2128, 2154, 2166, 2167, 2170, 2212, 2229, 2265, 2287, 2299, 2314, 2324, 2354, 2374, 2409, 2411, 2427, 2474, 2505, 2519, 2551, 2564, 2596, 2113, 2266, 2448, 2262, 2444, 2476, 2051, 2240, 2020, 2048, 2458, 2540, 2573, 2457, 2331, 1954, 2164, 2535, 2277, 237, 311, 45, 7
267,3041, 3074, 3375, 2960, 3162, 698, 794, 1712, 3336, 31, 77, 116, 131, 139, 151, 155, 187, 243, 256, 305, 324, 696, 3107, 3515, 422, 2803, 2620, 2263, 475, 3145, 734, 72, 169, 150, 3376, 3055, 3215, 687, 762, 778, 316, 2414, 908, 808, 107, 70, 695, 2649, 2248, 1934, 2102, 1941, 2487, 2353, 2584, 2040, 680, 301, 156, 48, 212, 577, 565, 658, 2897, 706, 593, 2359, 333, 2517, 2016, 1980, 2514, 1873, 1922, 2045, 2077, 1951, 1938, 2574, 1953, 2001, 2284, 2383, 157, 616, 728, 642, 2567, 1898, 1909, 1961, 2145, 2227, 2256, 2356, 2384, 2390, 2405, 2429, 2456, 2477, 2486, 2492, 2575, 2239, 2493, 2203, 2030, 2198, 2243, 2015, 2117, 2445, 1936, 2491, 1952, 2516, 99, 605, 663, 570, 602, 2132, 2194, 2292, 2348, 44, 3372, 2187, 1885, 2059, 2076, 2260, 2052, 2120, 2183, 2446, 2219, 2270, 287, 217, 307, 136, 2290, 2147, 2376, 2515, 2525, 2011, 2220, 2228, 2512, 2014, 2307, 2316, 2367, 2143, 2261, 2435, 2451, 1986, 2305, 1919, 2029, 2139, 2293, 2399, 2483, 2553, 2073, 1940, 2038, 2504, 2070, 2528, 2312, 2362, 2382, 2579, 2361, 2381, 2012, 2063, 2549, 2560, 2603, 2079, 2301, 2327, 2329, 2241, 1935, 2041, 2207, 2323, 1989, 2127, 2428, 2536, 1902, 2231, 2034, 2086, 2134, 2455, 2160, 2264, 2279, 2556, 2211, 2412, 1918, 2105, 2191, 2259, 2550, 2053, 2097, 2582, 2608, 2569, 2597, 1906, 2000, 2039, 2091, 2357, 1945, 2371, 2182, 2101, 2033, 2215, 2339, 2252, 1899, 2344, 2507, 2025, 2114, 2192, 2355, 2032, 2533, 2078, 2023, 2416, 2471, 2502, 2172, 1907, 2595, 2064, 2094, 2472, 2572, 2587, 1976, 2345, 2002, 2306, 2529, 1978, 2436, 2500, 2501
141,688, 920, 2271, 763, 767, 797, 59, 317, 227, 200, 325, 23, 92, 232, 3068, 6, 80, 1948, 2302, 2397, 2441, 2408, 247, 112, 188, 5, 170, 619, 2841, 600, 2424, 2369, 1965, 1999, 2253, 724, 101, 295, 2594, 1869, 2380, 1871, 1890, 1912, 2046, 2205, 2210, 2386, 2392, 2419, 2499, 2580, 2605, 2454, 2288, 76, 219, 204, 722, 2310, 18, 647, 1977, 2523, 2439, 239, 285, 189, 581, 2401, 2527, 2185, 1957, 1968, 1875, 1913, 2388, 2421, 1949, 1942, 1881, 2174, 2363, 2450, 2589, 2360, 1933, 2562, 2568, 93, 2576, 2609, 33, 2317, 2109, 1975, 2393, 2350, 1892, 2081, 2541, 2585, 2571, 2503, 2184, 2230, 2336, 1874, 2188, 213, 2881, 741, 331, 3000, 267, 740, 759, 1983, 1932, 1960, 2526, 2588, 2295, 2513, 2047, 2402, 2158, 2254, 2155, 652, 2524, 138, 2119, 2440, 2530, 1884, 1981, 2606, 2107, 2418, 2340
86,705, 2951, 803, 3371, 708, 2054, 2137, 2022, 755, 665, 145, 39, 2173, 273, 640, 1972, 2026, 2432, 1969, 2069, 2209, 199, 13, 154, 571, 2992, 2159, 323, 68, 32, 36, 1883, 1956, 1870, 1967, 2250, 1955, 2489, 2346, 2005, 2607, 2237, 2583, 1914, 2156, 2400, 2311, 2593, 2216, 769, 3244, 315, 123, 761, 774, 251, 2496, 715, 2249, 2318, 1991, 1930, 2509, 1916, 2006, 2085, 2115, 2294, 2303, 2403, 2485, 277, 15, 2364, 2084, 1889, 1924, 1887, 2168, 1962, 2437, 40, 2577, 2060, 2136, 1905
50,830, 299, 252, 559, 2750, 591, 1878, 1886, 2007, 2055, 2199, 2377, 2466, 560, 335, 262, 167, 184, 620, 159, 1970, 89, 240, 2075, 2062, 2475, 1979, 2214, 2375, 2244, 235, 675, 811, 1946, 2234, 2111, 2407, 995, 2273, 2161, 2328, 16, 108, 2358, 2365, 2190, 1964, 132, 2379, 2537
25,624, 2151, 2465, 12, 849, 298, 182, 173, 214, 194, 685, 3266, 1990, 2202, 320, 1997, 4, 2563, 2181, 2464, 292, 2171, 207, 2313, 2326
12,142, 255, 79, 3013, 2479, 144, 2534, 2068, 2438, 2121, 3072, 2269
14,326, 2148, 2049, 2341, 1971, 2468, 166, 2599, 283, 43, 1917, 104, 264, 2122
8,785, 127, 2581, 62, 270, 1215, 2834, 1973
2,24, 2274
2,206, 244
2,2133, 1213
3,105, 3280, 143
1,215
0,
0,
0,
0,
0,
