1,3381
19,3389, 3397, 3414, 3433, 3504, 3556, 3569, 3589, 3611, 3628, 3640, 3651, 3669, 3707, 3722, 3723, 3830, 3858, 3892
13,3801, 3900, 3392, 3440, 3441, 3444, 3759, 3487, 3552, 3576, 3793, 3746, 3705
18,3597, 3566, 3623, 3660, 3581, 3624, 3786, 3517, 3612, 3643, 3776, 3846, 3903, 3537, 3470, 3791, 3561, 3730
24,3536, 3614, 3393, 3773, 3894, 3417, 3434, 3617, 3880, 3574, 3439, 3835, 3527, 3672, 3859, 3763, 3484, 3515, 3727, 3456, 3757, 3768, 3657, 3721
19,3509, 3475, 3734, 3819, 3633, 3870, 3446, 1050, 3693, 3862, 3459, 3394, 3642, 3518, 3740, 3519, 3532, 3857, 3410
20,3777, 3482, 3545, 3591, 1140, 1803, 3437, 3467, 3817, 3454, 3717, 3765, 3398, 3610, 3789, 3883, 3451, 3511, 3700, 3860
19,3841, 3674, 3787, 3406, 1151, 3627, 3863, 3384, 3675, 3430, 3736, 3499, 3457, 3448, 3658, 3839, 3503, 3760, 3778
16,3490, 3813, 3514, 1684, 1740, 990, 3599, 3898, 3497, 3534, 3572, 3542, 3739, 3676, 3896, 3411
20,1695, 587, 1002, 1396, 1500, 1777, 1781, 1843, 1850, 906, 1234, 1334, 1356, 1419, 1527, 1699, 3413, 3754, 3402, 3387
35,1178, 1432, 1404, 1495, 1634, 1660, 876, 1184, 1272, 1863, 865, 1242, 1264, 934, 1132, 1411, 1686, 1663, 1448, 1682, 936, 1461, 1785, 1343, 1434, 1815, 949, 959, 1188, 1243, 1702, 1145, 1544, 1593, 3575
69,1299, 1853, 1866, 933, 1017, 997, 1670, 510, 1327, 614, 914, 1332, 1459, 1502, 879, 930, 1236, 1751, 100, 606, 1455, 929, 1831, 1677, 467, 1066, 1462, 1474, 1806, 1606, 889, 1104, 1225, 1389, 1827, 919, 1548, 1689, 863, 1308, 1372, 1121, 1277, 1414, 1849, 1534, 1152, 1196, 1238, 1283, 1373, 1408, 1154, 1063, 1618, 1451, 1540, 940, 946, 1467, 883, 1072, 1499, 986, 1176, 1245, 1672, 984, 1592
133,1102, 1197, 1267, 1070, 1221, 1413, 1141, 1295, 383, 1269, 1552, 380, 1488, 1727, 1788, 1649, 1590, 1129, 1265, 1834, 1279, 1770, 1431, 374, 909, 501, 885, 974, 1051, 1171, 1174, 1177, 1193, 1200, 1206, 1229, 1233, 1249, 1271, 1307, 1322, 1335, 1348, 1354, 1367, 1382, 1391, 1428, 1441, 1452, 1478, 1481, 1485, 1496, 1521, 1525, 1535, 1553, 1582, 1585, 1589, 1615, 1633, 1638, 1664, 1690, 1696, 1701, 1729, 1749, 1778, 1780, 1814, 1830, 1006, 1220, 1708, 1855, 1673, 484, 491, 540, 627, 1110, 1319, 1523, 1532, 1617, 1651, 1723, 352, 370, 407, 1046, 1068, 1285, 983, 985, 1083, 1190, 1218, 1383, 1247, 1422, 1454, 1536, 869, 1189, 1182, 1202, 953, 1604, 1064, 1166, 1276, 578, 1531, 1306, 1813, 954, 1253, 1568, 1797, 1366, 1539, 1032, 1840, 972, 1027, 1191, 1392, 907, 1009
172,1219, 1109, 1466, 1260, 1316, 1591, 1832, 1261, 1304, 1313, 1578, 932, 991, 1144, 1252, 1716, 979, 423, 499, 507, 621, 1718, 1084, 904, 1094, 1124, 1346, 1318, 975, 1643, 1077, 1293, 348, 1021, 1284, 1442, 1476, 1506, 1566, 1150, 1587, 1406, 385, 397, 478, 1025, 1047, 1409, 1416, 1439, 1555, 1620, 1697, 1280, 1412, 1605, 1601, 1743, 1560, 1567, 1147, 1671, 931, 1118, 1358, 1571, 1183, 522, 1369, 1529, 1538, 1798, 1801, 1163, 1341, 1516, 886, 1430, 1513, 1554, 1579, 1756, 1766, 1773, 1776, 1146, 1153, 1203, 1273, 1624, 1825, 905, 1484, 1581, 1507, 1486, 1784, 1790, 1791, 1328, 1380, 1494, 1024, 1487, 1510, 1676, 935, 1235, 1514, 1888, 2024, 2245, 2518, 1192, 1386, 958, 1498, 1574, 1669, 1674, 1703, 882, 971, 1043, 1175, 1228, 1569, 1556, 1359, 1248, 1698, 1123, 1379, 657, 395, 434, 466, 403, 1563, 1573, 1508, 1826, 880, 1105, 1310, 1045, 1198, 458, 574, 631, 344, 1128, 1092, 1398, 1685, 1829, 922, 980, 1818, 1035, 1612, 1509, 1639, 1340, 1259, 1270, 1769, 1031, 1678, 1725, 1824, 918
253,1666, 1186, 951, 563, 1541, 1837, 1059, 1565, 1576, 1596, 1761, 1842, 960, 1089, 1108, 1122, 1204, 1707, 1714, 890, 892, 1040, 1048, 1117, 1482, 1444, 1338, 1750, 1767, 1365, 1468, 1296, 1137, 1250, 867, 898, 592, 373, 444, 355, 942, 1735, 361, 1060, 1078, 1838, 477, 1628, 1630, 1251, 1577, 1687, 1626, 1858, 1142, 1561, 1609, 1789, 964, 982, 1199, 1331, 1854, 943, 1057, 1216, 1290, 1429, 1764, 895, 495, 339, 372, 509, 573, 585, 387, 1808, 1125, 948, 1005, 925, 962, 1232, 1362, 1746, 912, 993, 1143, 1161, 1302, 1330, 1475, 1602, 1427, 1550, 1744, 1339, 868, 923, 1294, 1681, 1351, 1168, 1230, 1501, 1160, 1266, 1805, 1479, 1115, 1134, 1835, 1844, 1753, 1349, 1528, 873, 1071, 1446, 360, 440, 1757, 1795, 1172, 945, 1594, 1748, 1013, 1397, 1693, 1562, 1263, 1570, 1300, 1337, 1350, 1399, 1680, 1088, 1091, 1291, 1600, 1645, 969, 1033, 1087, 1376, 1076, 1710, 1726, 937, 1642, 1518, 1646, 1170, 1657, 1820, 1616, 1772, 1385, 1073, 1375, 1558, 1755, 1867, 1019, 1111, 1395, 1093, 1297, 1447, 1839, 1157, 1407, 1557, 1640, 1692, 911, 1211, 1752, 1580, 1081, 1167, 1241, 1353, 1149, 1545, 1107, 1958, 2200, 2255, 2291, 2337, 2461, 2467, 2538, 1904, 2462, 2578, 1425, 1882, 1895, 1897, 2008, 2010, 2162, 2186, 2286, 2417, 1546, 1833, 1783, 989, 1619, 1044, 994, 1039, 1158, 1301, 1823, 1095, 1817, 1244, 1519, 2981, 3354, 528, 539, 375, 481, 376, 490, 538, 551, 1255, 881, 1720, 1800, 468, 594, 658, 558, 545, 1463, 1120, 1721, 1438, 1859, 1079, 1637, 1049, 1135
203,1097, 1388, 1629, 544, 1426, 1292, 1312, 1320, 1483, 1709, 1622, 1305, 1126, 1679, 924, 1841, 1625, 1722, 1588, 901, 977, 1041, 1547, 1180, 1450, 1491, 2817, 3275, 3350, 1282, 1065, 1632, 1086, 1222, 542, 543, 402, 476, 511, 617, 363, 404, 417, 431, 447, 471, 531, 550, 628, 353, 415, 1085, 1711, 1074, 1456, 897, 1799, 1360, 351, 421, 1747, 429, 508, 520, 424, 1034, 947, 1610, 1489, 1739, 928, 1148, 1836, 1472, 968, 1254, 1217, 504, 393, 899, 1737, 1807, 1420, 1336, 1418, 1862, 1821, 917, 1631, 1802, 1847, 1497, 1792, 2018, 2222, 2554, 2586, 2057, 2131, 2153, 2072, 2149, 2218, 2463, 1903, 2349, 2352, 2389, 2108, 2175, 2539, 2592, 2602, 1911, 1963, 1984, 1995, 2413, 2591, 2257, 2410, 2226, 2372, 2442, 1915, 2093, 2099, 2285, 2494, 2558, 1901, 2189, 2351, 2398, 2082, 2138, 2557, 1659, 2036, 2146, 2338, 1987, 2332, 1959, 2009, 2080, 2488, 2003, 2177, 2229, 2253, 2320, 2469, 2477, 2512, 2523, 2536, 1874, 2042, 2124, 2157, 2201, 2142, 2221, 2404, 2547, 1868, 2426, 1988, 2092, 2103, 2104, 2242, 1876, 2027, 1512, 1768, 1278, 3309, 2736, 2662, 3152, 436, 334, 549, 419, 453, 413, 472, 340, 346, 515, 1424, 927, 1809, 487, 449, 601, 636, 399, 1860, 1001, 1352
271,939, 1811, 497, 1691, 1239, 1762, 1603, 1246, 2949, 2614, 3028, 3097, 3169, 864, 1014, 650, 524, 526, 479, 607, 486, 406, 416, 3794, 521, 1274, 1387, 1732, 1098, 459, 536, 358, 572, 498, 394, 461, 1793, 1061, 1324, 1736, 379, 529, 1583, 1460, 955, 1288, 2025, 2065, 2116, 2196, 2232, 2300, 2280, 2453, 2533, 2135, 1985, 2129, 1966, 1879, 1994, 2106, 2484, 1998, 2150, 2258, 2270, 2431, 2577, 2066, 2289, 2370, 2415, 1675, 2087, 2089, 1950, 2227, 2235, 2368, 2430, 2028, 2470, 2495, 2532, 1937, 2304, 2195, 2542, 1982, 2083, 2180, 1872, 2506, 2598, 2172, 2423, 2595, 1896, 2098, 2165, 2204, 2223, 2385, 2132, 128, 2110, 2566, 2268, 2422, 1941, 2031, 2213, 2544, 2272, 2522, 2525, 2564, 2580, 1899, 1945, 1996, 2063, 2367, 2381, 2391, 2447, 1910, 2056, 2387, 2601, 2441, 2265, 2169, 1774, 2236, 2373, 2159, 2369, 2561, 2347, 2460, 2498, 2081, 2128, 2266, 2278, 2298, 2324, 2356, 2378, 2476, 1946, 2449, 2144, 2515, 2603, 1949, 2002, 2015, 2224, 2416, 2421, 2457, 2540, 2041, 2359, 2045, 2109, 2243, 2455, 2604, 2038, 2191, 2362, 2419, 2078, 2097, 2145, 2183, 2316, 2553, 1909, 2019, 2187, 2215, 2363, 2433, 2490, 2174, 2305, 2556, 2281, 2178, 2296, 2238, 2565, 2480, 2297, 1890, 1930, 1957, 1970, 2059, 2068, 2112, 2125, 2205, 2212, 2216, 2293, 2321, 2336, 2375, 2393, 2403, 2411, 2443, 2448, 2529, 2569, 2571, 2590, 2244, 2263, 2271, 2283, 2559, 2004, 2088, 2733, 2762, 2874, 3033, 3324, 2643, 2672, 2677, 2955, 3023, 3049, 3185, 3315, 3168, 503, 337, 350, 365, 410, 422, 474, 489, 546, 435, 492, 553, 588, 643, 644, 381, 473, 583, 405, 464, 582, 610, 641, 647, 653, 654, 1549
239,480, 1856, 3300, 2624, 2791, 2968, 3270, 3092, 3115, 3295, 2668, 2730, 2852, 3271, 3211, 2700, 2884, 602, 532, 455, 463, 408, 401, 1471, 913, 439, 343, 2164, 2166, 2260, 2276, 2348, 2502, 2233, 2137, 2193, 2246, 2412, 2414, 2458, 2481, 2501, 2587, 2053, 2073, 2155, 2211, 2459, 2100, 2576, 2452, 2531, 2444, 2247, 2313, 1889, 2140, 2343, 1926, 2090, 2325, 2176, 2552, 2548, 2231, 2330, 2329, 2483, 2001, 2067, 2105, 2361, 2528, 2546, 2096, 2585, 7, 80, 2039, 2048, 2077, 2287, 2472, 2541, 2549, 2574, 1885, 2016, 2420, 2043, 2493, 1942, 1961, 1986, 1993, 2102, 2029, 1902, 2014, 2030, 2279, 2339, 2376, 2252, 2064, 2139, 2207, 1894, 2033, 2550, 2076, 2086, 2282, 2306, 2322, 2334, 2383, 1940, 2095, 2240, 1928, 2319, 2115, 2294, 2439, 2364, 2117, 2341, 2396, 2570, 1997, 2054, 2239, 2275, 2314, 2267, 2593, 1878, 2188, 1999, 2079, 2167, 2170, 2440, 2323, 2327, 2560, 2579, 2261, 2435, 2307, 2309, 2543, 2120, 2127, 2220, 2497, 1977, 2371, 2572, 1918, 2020, 2143, 2524, 2526, 2436, 2511, 1935, 2154, 2292, 1922, 2259, 2500, 1989, 2507, 1881, 2357, 2198, 2471, 2514, 1953, 2228, 1976, 2058, 2160, 2399, 1939, 2301, 2450, 2119, 2134, 2194, 2428, 1927, 2094, 2427, 2070, 2262, 2284, 2482, 2248, 2208, 1891, 2179, 2331, 1932, 1954, 2032, 2312, 2171, 1955, 2446, 2485, 2288, 1873, 2210, 1900, 3061, 3302, 2765, 2866, 3070, 2971, 2629, 3071, 1641, 3356, 3229, 3286, 500, 482, 391, 442, 576, 400, 427, 642, 645, 638
141,462, 3239, 3246, 2826, 2916, 3335, 2921, 3017, 3047, 2849, 3128, 3022, 3221, 3378, 3100, 3235, 2782, 2823, 3243, 2928, 2996, 2998, 389, 541, 493, 2505, 2277, 2555, 2034, 2012, 2118, 2503, 2504, 2573, 2510, 2345, 2517, 1920, 2551, 2050, 2163, 1956, 27, 5, 2264, 1898, 2303, 2386, 2091, 2360, 2568, 2429, 1978, 2388, 2597, 2358, 2182, 2101, 2274, 1921, 1916, 2425, 2402, 2382, 2344, 2451, 2562, 1919, 2011, 1869, 2152, 2017, 2126, 2299, 1972, 2589, 1884, 2209, 2466, 1962, 2290, 2005, 2192, 3078, 3098, 3288, 3274, 3208, 2880, 3200, 2780, 2703, 2749, 2948, 2952, 2698, 3140, 2644, 2696, 2704, 2712, 2714, 2763, 2828, 2833, 2836, 2839, 2879, 2891, 2917, 2923, 2925, 3001, 3004, 3018, 3032, 3045, 3056, 3083, 3116, 3120, 3130, 3151, 3161, 3173, 3195, 3217, 3253, 3272, 3311, 3326, 3342, 3374, 3364, 2967, 3122, 3108, 3043, 3285, 516, 619
144,2769, 3347, 2637, 2713, 2894, 2953, 3062, 2959, 3106, 3157, 3184, 3291, 3066, 2665, 3170, 2719, 2667, 2732, 2965, 3059, 3223, 3322, 2657, 2944, 3191, 2633, 2661, 2779, 2924, 3125, 2697, 3360, 2887, 3025, 3197, 3355, 3284, 3297, 3052, 3276, 2885, 2982, 1980, 2317, 2445, 114, 241, 17, 150, 179, 1974, 1951, 2491, 2608, 1979, 2474, 1967, 2582, 1887, 1929, 3146, 2682, 2777, 3084, 2797, 3263, 2623, 3143, 3132, 3141, 2635, 2813, 2903, 3337, 2721, 2771, 2718, 2825, 2893, 3268, 2699, 2810, 2861, 2867, 2647, 2655, 3031, 3081, 2858, 2872, 2936, 3024, 2722, 2726, 3003, 2864, 2873, 2853, 2678, 2904, 2811, 3040, 3363, 2868, 3129, 3230, 2784, 3247, 3308, 3343, 2815, 2625, 3165, 3248, 3237, 2630, 2654, 3159, 3312, 3114, 2966, 2804, 3030, 2814, 2970, 2980, 3264, 3000, 3103, 3340, 3218, 2930, 3210, 3307, 3336, 3359, 2808, 3323, 2688, 1613, 2617, 2707, 3027, 637
153,3219, 2717, 2950, 3057, 3189, 2947, 2934, 3095, 2708, 2975, 2842, 2871, 3198, 1464, 2650, 2905, 3341, 2691, 2906, 2636, 2985, 3154, 2818, 3196, 2801, 3289, 3366, 2727, 3053, 3240, 3327, 3339, 2679, 3039, 2745, 2964, 3206, 3233, 2789, 2621, 3096, 2610, 3260, 3133, 3250, 3148, 2939, 3202, 3156, 2237, 1907, 1914, 1936, 1870, 2575, 61, 106, 191, 192, 269, 319, 54, 2606, 2156, 2527, 2594, 2609, 2489, 2006, 3205, 2940, 2746, 2742, 3183, 3241, 2660, 2898, 2639, 3082, 2993, 3256, 3110, 3207, 2977, 2632, 2692, 2694, 2896, 3181, 2613, 2638, 2908, 2989, 2962, 2812, 2863, 2666, 3178, 3328, 2901, 3283, 3379, 2838, 2974, 3361, 3019, 2844, 3042, 3075, 2941, 2776, 2994, 3377, 2731, 2969, 3091, 3279, 2764, 3138, 3171, 3334, 2622, 2755, 2788, 2845, 2854, 2876, 2892, 3012, 3088, 2855, 3063, 2690, 3182, 2618, 2957, 2935, 3176, 2820, 2999, 3265, 3294, 3048, 2946, 3118, 3085, 3055, 1683, 1763, 2651, 3080, 3149, 561
87,2673, 2793, 2899, 2642, 2931, 2695, 3054, 3370, 3058, 3224, 2674, 3111, 926, 3086, 3046, 3330, 2988, 3209, 2986, 3064, 2963, 3281, 3313, 2790, 3009, 2683, 3242, 3304, 2918, 3216, 3257, 3123, 1913, 1875, 49, 260, 300, 42, 164, 221, 284, 177, 213, 2318, 2520, 1983, 3299, 2646, 2869, 3296, 2744, 2961, 2802, 2687, 3331, 3104, 3358, 2915, 2859, 2710, 2857, 3306, 3065, 3292, 2877, 2628, 3011, 2680, 3050, 3144, 3329, 3038, 2958, 2860, 2875, 3245, 2835, 2987, 3044, 3194, 2615, 2937, 2767, 2693, 1623, 1470, 3180
49,3016, 3177, 3314, 2862, 2612, 2933, 3034, 3164, 2979, 2752, 2729, 2932, 2846, 3204, 3007, 2728, 2535, 162, 195, 257, 77, 118, 1, 26, 201, 254, 316, 318, 25, 309, 310, 111, 3317, 2890, 3318, 2942, 3228, 2770, 2743, 2735, 2821, 2705, 2706, 2792, 3277, 2856, 3036, 2759, 2774
26,2840, 3079, 2738, 2926, 3060, 2794, 2702, 263, 328, 178, 250, 0, 125, 225, 50, 91, 220, 295, 44, 22, 180, 120, 168, 3201, 3338, 2973
30,327, 56, 13, 2, 11, 24, 32, 53, 92, 155, 163, 170, 212, 222, 232, 235, 267, 286, 301, 81, 203, 96, 133, 312, 75, 134, 153, 68, 9, 2978
11,329, 143, 110, 214, 93, 290, 274, 317, 66, 78, 148
4,136, 62, 85, 285
2,252, 188
3,167, 332, 186
1,287
1,122
2,183, 266
3,279, 325, 10
1,261
1,72
0,
0,
0,
0,
0,
