1,3381
32,3385, 3417, 3419, 3423, 3453, 3464, 3479, 3498, 3502, 3505, 3519, 3557, 3560, 3576, 3577, 3591, 3594, 3603, 3639, 3681, 3725, 3744, 3745, 3763, 3764, 3786, 3836, 3843, 3856, 3857, 3892, 3904
45,3421, 3474, 3587, 3599, 3608, 3613, 3614, 3643, 3686, 3716, 3717, 3731, 3741, 3783, 3817, 3829, 3842, 3860, 3883, 3893, 3908, 3910, 3485, 3780, 3504, 3535, 3765, 3646, 3700, 3533, 3552, 3467, 3383, 3484, 3545, 3759, 3692, 3863, 3540, 3392, 3833, 3900, 3382, 3851, 3879
86,3391, 3403, 3434, 3457, 3466, 3490, 3494, 3513, 3517, 3530, 3559, 3582, 3585, 3592, 3612, 3618, 3621, 3627, 3634, 3724, 3794, 3799, 3822, 3828, 3837, 3487, 3820, 3581, 3610, 3736, 3862, 3667, 3677, 3486, 3537, 3624, 3543, 3714, 3413, 3435, 3584, 3729, 3888, 3448, 3551, 3408, 3697, 3456, 3550, 3687, 3451, 3429, 3493, 3508, 3858, 3439, 3635, 3816, 3806, 3880, 3679, 3839, 3428, 3620, 3589, 3787, 3596, 3617, 3776, 3773, 3727, 3542, 3846, 3859, 3645, 3393, 3384, 3426, 3894, 3433, 3482, 3574, 3661, 3471, 3695, 3803
97,3431, 3438, 3447, 3480, 3509, 3522, 3562, 3568, 3632, 3650, 3685, 3713, 3751, 3778, 3782, 3788, 3792, 3807, 3840, 3881, 3903, 3497, 3449, 3566, 3463, 3675, 3793, 3441, 3443, 3720, 3458, 3852, 3704, 3739, 3410, 3406, 3452, 3518, 3761, 3746, 3882, 3465, 3580, 3768, 3753, 3404, 3872, 3673, 3678, 3672, 3693, 3604, 3772, 3657, 3867, 3890, 3653, 3802, 3514, 3734, 3835, 3394, 3386, 3898, 3470, 3499, 3525, 3864, 3722, 3870, 3398, 3597, 3437, 3527, 3707, 3468, 3500, 3907, 3896, 3698, 3665, 3454, 3472, 3642, 3789, 3811, 3815, 3422, 3791, 3440, 3461, 3476, 3607, 3715, 3531, 3555, 3401
75,3395, 3397, 3416, 3507, 3571, 3640, 3654, 3656, 3682, 3710, 3738, 3750, 3766, 3798, 3818, 3823, 3849, 3869, 3884, 3905, 833, 3652, 3795, 3866, 3572, 3659, 3496, 3554, 3658, 3578, 3553, 1050, 3805, 3534, 3430, 3721, 3889, 3475, 3824, 3546, 3865, 3647, 3771, 3757, 3445, 3740, 3886, 3875, 3699, 3813, 3668, 3804, 3511, 3623, 3405, 3506, 3705, 3854, 3730, 3638, 3660, 3595, 3636, 3586, 3630, 3853, 3503, 3676, 3719, 3492, 3777, 3583, 3411, 3809, 3800
52,3810, 3579, 3455, 3483, 3569, 3779, 3590, 3515, 3819, 3694, 3622, 3564, 3669, 3801, 3598, 3708, 3575, 3633, 3427, 3460, 3629, 3442, 3532, 3538, 3549, 3690, 3775, 3868, 3424, 3556, 3615, 3826, 3605, 3877, 3446, 3558, 3770, 3495, 3706, 3749, 3637, 3402, 3726, 1644, 3641, 3732, 3902, 3723, 3528, 3689, 3814, 3570
38,3477, 3631, 3489, 3510, 3425, 3501, 3848, 3601, 3459, 3616, 3625, 3831, 3850, 3664, 3691, 3539, 3762, 3663, 3876, 3649, 3834, 3418, 3785, 3662, 3387, 3567, 1127, 3680, 3420, 3462, 3841, 3674, 3536, 3491, 3602, 3760, 1107, 3407
33,3752, 3701, 3469, 3712, 550, 3825, 3901, 3845, 3526, 3909, 3611, 3754, 3481, 3767, 3512, 3906, 3844, 3548, 1278, 1453, 1525, 1662, 3756, 3899, 3563, 3389, 3728, 3593, 1763, 1550, 1633, 3396, 3847
32,3747, 3520, 3651, 3735, 3748, 1496, 1514, 1822, 3648, 3696, 3755, 915, 1212, 3432, 3473, 875, 385, 424, 444, 3561, 3415, 3711, 1014, 1760, 100, 1286, 1393, 1289, 1655, 1298, 1412, 1026
100,839, 1099, 1381, 1782, 3733, 3412, 3414, 3758, 3444, 1665, 867, 1321, 1144, 994, 3790, 361, 449, 3897, 916, 1494, 1683, 1512, 397, 477, 509, 650, 339, 461, 528, 410, 498, 380, 387, 423, 440, 3832, 1211, 1709, 1757, 873, 399, 563, 876, 877, 879, 886, 929, 934, 959, 969, 970, 975, 990, 1049, 1078, 1092, 1128, 1143, 1146, 1152, 1241, 1244, 1245, 1277, 1288, 1301, 1335, 1348, 1392, 1401, 1404, 1408, 1445, 1463, 1475, 1508, 1509, 1526, 1532, 1538, 1546, 1556, 1573, 1653, 1657, 1661, 1677, 1689, 1690, 1707, 1734, 1742, 1785, 1803, 1847, 0, 1136, 1042, 1741, 1100
277,1545, 3703, 3523, 3488, 1268, 359, 377, 405, 435, 456, 468, 526, 1522, 893, 1470, 1370, 3827, 1572, 413, 416, 372, 355, 382, 457, 490, 357, 1305, 880, 900, 928, 981, 1002, 1025, 1060, 1091, 1101, 1178, 1182, 1188, 1195, 1222, 1256, 1271, 1293, 1331, 1337, 1371, 1383, 1396, 1462, 1484, 1537, 1560, 1591, 1594, 1610, 1649, 1660, 1681, 1722, 1754, 1778, 1789, 1852, 1858, 1313, 1659, 1676, 3718, 3797, 1626, 958, 1135, 1510, 1632, 1770, 1854, 402, 417, 573, 1724, 334, 484, 1529, 1566, 1596, 1642, 864, 1081, 1429, 445, 467, 497, 504, 501, 523, 539, 338, 360, 376, 389, 425, 511, 532, 585, 404, 476, 521, 1319, 1471, 442, 488, 406, 463, 491, 507, 522, 529, 536, 421, 481, 478, 542, 1254, 1513, 1616, 1756, 1776, 1817, 1823, 1040, 1714, 968, 1147, 1380, 1468, 1554, 1664, 1801, 1833, 1065, 1153, 1191, 1248, 1391, 1450, 1569, 1578, 1479, 1516, 1703, 1728, 1784, 558, 560, 568, 602, 647, 1161, 1183, 1273, 1295, 1481, 1790, 1751, 1432, 1451, 1527, 1328, 1336, 1426, 1483, 1498, 1674, 1682, 1016, 1590, 1738, 1809, 1725, 1171, 1568, 1593, 1083, 1832, 1172, 1567, 1752, 1795, 1835, 917, 1048, 1192, 1474, 1047, 1565, 918, 1819, 1544, 1850, 1345, 1041, 1105, 1562, 1693, 1290, 1542, 932, 1227, 1534, 1553, 1813, 163, 1186, 1327, 1378, 1506, 1555, 1619, 1767, 1217, 617, 1368, 1385, 1406, 1536, 1068, 1117, 1163, 1416, 1442, 1750, 892, 912, 1291, 1718, 1630, 1800, 1672, 863, 1454, 1280, 1324, 890, 945, 1013, 1044, 1093, 1601, 1070, 1269, 1072, 6, 24, 32, 39, 69, 83, 90, 96, 108, 118, 124, 188, 189, 192, 223, 229, 230, 239, 281, 287, 293, 294, 321, 1755, 1793
414,1140, 1379, 3478, 401, 998, 1038, 1062, 1181, 1307, 935, 1425, 510, 881, 899, 903, 911, 921, 942, 943, 1031, 1045, 1086, 1119, 1130, 1162, 1179, 1198, 1210, 1236, 1246, 1349, 1374, 1455, 1459, 1469, 1487, 1504, 1511, 1540, 1564, 1588, 1700, 1713, 1774, 1805, 1806, 1330, 1010, 1507, 1844, 1812, 419, 471, 544, 614, 479, 962, 1369, 408, 487, 508, 358, 415, 1634, 343, 427, 348, 398, 472, 1232, 882, 1108, 1824, 1024, 1074, 1203, 1640, 1530, 604, 627, 583, 1279, 1281, 1075, 933, 1098, 1208, 1577, 1866, 1089, 1387, 1615, 1252, 1753, 1629, 1740, 1531, 1673, 1111, 1359, 1489, 1491, 964, 1438, 1598, 1637, 1123, 1651, 1310, 960, 1618, 1308, 1395, 1548, 1094, 1168, 1263, 1272, 1120, 1283, 1558, 1851, 549, 895, 1574, 1579, 1739, 931, 1118, 1326, 1351, 1422, 1356, 1744, 1339, 1134, 1687, 1264, 1499, 1570, 17, 57, 79, 93, 119, 157, 174, 184, 208, 280, 297, 313, 328, 957, 3895, 1735, 459, 546, 587, 927, 978, 524, 453, 527, 543, 400, 503, 1694, 1239, 1386, 1859, 1255, 1228, 1376, 993, 1325, 1841, 872, 1259, 1064, 1190, 1243, 1434, 906, 1788, 1234, 1539, 1552, 1743, 1017, 1557, 1430, 1521, 1646, 1675, 1482, 985, 1334, 1440, 1488, 1671, 1820, 1409, 1643, 1764, 982, 1160, 941, 1446, 909, 1097, 1495, 1204, 1365, 1600, 1033, 1341, 1027, 1167, 1541, 1571, 1766, 1216, 1679, 1312, 1043, 1407, 1251, 1338, 1729, 1631, 1528, 1791, 1867, 1296, 948, 1004, 1088, 1322, 1501, 1625, 439, 353, 356, 363, 373, 414, 448, 500, 505, 1353, 887, 1292, 1478, 1300, 1761, 1698, 997, 1270, 1352, 1357, 1467, 1595, 1723, 429, 393, 475, 407, 489, 1141, 1274, 1465, 465, 495, 455, 628, 1447, 1051, 1170, 1158, 1350, 1678, 1726, 1802, 1125, 1019, 1691, 1472, 1076, 1857, 1622, 1645, 1199, 1497, 1071, 1798, 1034, 1399, 1012, 1842, 1115, 1087, 1748, 654, 593, 623, 556, 1302, 1358, 1362, 1439, 971, 1635, 1219, 1137, 1297, 1669, 1710, 1077, 1114, 1603, 1818, 1230, 1266, 1095, 1680, 889, 902, 1656, 1561, 1589, 1398, 919, 1150, 1783, 897, 1620, 1122, 1865, 1056, 1518, 1773, 1604, 1721, 1079, 1389, 1157, 1547, 1240, 1715, 1731, 1576, 1711, 1394, 1861, 1685, 1029, 1238, 871, 1155, 1267, 1609, 1628, 1837, 499, 1853, 1303, 1585, 1592, 1612, 940, 1320, 1746, 1420, 1780, 963, 1786, 1261, 1758, 1840, 986, 1166, 1419, 1032, 1311, 1377, 1781, 1663, 1066, 1132, 1667, 1200, 1382, 1021, 1768, 1580, 1460, 1187, 1684, 908, 215, 290, 19, 85, 131, 228, 312, 26, 110, 114, 162, 178, 87, 195
288,1464, 351, 519, 1053, 869, 947, 966, 1080, 1184, 1193, 1215, 1287, 1333, 1405, 1433, 1435, 1437, 1476, 1523, 1836, 1855, 1235, 884, 1535, 621, 340, 1347, 431, 354, 525, 553, 345, 446, 1249, 562, 570, 596, 646, 652, 1085, 1701, 1126, 1073, 1466, 1104, 1285, 1485, 1699, 1196, 1686, 1602, 1503, 1849, 1720, 1035, 1373, 1250, 1342, 1411, 883, 88, 146, 148, 172, 191, 197, 211, 245, 256, 291, 1023, 1149, 447, 1868, 433, 1605, 1299, 1638, 1607, 1648, 1828, 922, 1154, 1317, 1524, 1253, 979, 983, 1834, 1202, 1587, 1702, 1441, 1175, 1102, 1597, 1810, 1284, 1112, 1486, 390, 483, 514, 535, 346, 367, 1233, 578, 1708, 644, 480, 1563, 1617, 901, 494, 506, 1826, 657, 383, 1444, 991, 1692, 1443, 989, 1367, 565, 577, 658, 594, 607, 1775, 1762, 1575, 1316, 1856, 1110, 1276, 1666, 1696, 907, 1005, 1519, 1176, 949, 913, 1397, 1583, 1779, 953, 2653, 1207, 1520, 1424, 1769, 1046, 1452, 923, 1366, 273, 154, 243, 269, 134, 35, 325, 2762, 1493, 1457, 1897, 2268, 1492, 1414, 1747, 1792, 937, 1129, 1173, 1797, 1218, 1613, 1061, 615, 482, 1473, 632, 622, 1652, 1360, 1057, 1811, 1777, 1804, 946, 1306, 1413, 898, 1461, 936, 1009, 1177, 1417, 1180, 1340, 870, 21, 60, 101, 11, 113, 323, 299, 254, 1586, 1838, 341, 436, 515, 381, 984, 1247, 1006, 1257, 1346, 1876, 1988, 2106, 2144, 2150, 2152, 2200, 2222, 2235, 2278, 2442, 2532, 865, 1084, 1145, 2840, 924, 1456, 1737, 394, 366, 409, 1206, 1242, 1730, 531, 659, 365, 1318, 552, 579, 590, 616, 635, 637, 586, 1830, 977, 1815, 930, 1732, 1400, 1551, 925, 1549, 1418, 1829, 1001, 1388, 496, 1364, 1063, 1827, 92, 116, 309, 67, 120, 240, 302, 9, 106, 201, 50, 94
289,1477, 3390, 379, 956, 976, 1003, 1011, 1124, 1197, 1480, 1515, 1582, 1614, 1639, 1745, 1848, 1039, 1133, 3110, 403, 540, 541, 582, 609, 625, 638, 995, 1174, 1624, 1860, 1384, 1121, 16, 47, 99, 127, 159, 167, 187, 199, 203, 238, 262, 263, 266, 274, 283, 284, 326, 1165, 430, 3619, 548, 1759, 1845, 1428, 1260, 965, 1799, 368, 443, 451, 1226, 551, 534, 612, 655, 574, 1361, 1862, 1606, 1282, 1258, 951, 1431, 606, 972, 1502, 1448, 914, 171, 107, 225, 61, 97, 111, 115, 264, 305, 2981, 1641, 2042, 2089, 2272, 2280, 2578, 1221, 1309, 374, 904, 1343, 592, 347, 375, 1668, 1559, 1814, 868, 1697, 1704, 1082, 1275, 1113, 151, 332, 91, 241, 492, 1372, 1787, 1872, 1896, 1904, 1963, 2201, 2297, 2372, 2460, 2547, 2598, 1000, 1007, 3248, 3310, 1142, 973, 512, 513, 350, 434, 634, 1808, 1020, 896, 1304, 974, 1843, 1765, 1500, 1, 176, 161, 164, 260, 170, 318, 310, 307, 73, 22, 153, 1052, 538, 1623, 2036, 2082, 2204, 2373, 2467, 878, 980, 1189, 1695, 82, 66, 63, 1974, 2022, 2034, 2038, 2047, 2077, 2090, 2107, 2176, 2180, 2194, 2224, 2250, 2304, 2346, 2355, 2389, 2393, 2412, 2415, 2416, 2422, 2512, 2513, 2541, 2573, 2586, 2587, 1151, 1863, 1220, 344, 581, 626, 633, 1410, 1458, 910, 246, 316, 80, 300, 2713, 2771, 3209, 1950, 2276, 2361, 2381, 2568, 1874, 2283, 2484, 2521, 2558, 2028, 2099, 1831, 72, 180, 2008, 2010, 2142, 2236, 2238, 2453, 2542, 2208, 2320, 2369, 2410, 2488, 2539, 1910, 2186, 2426, 2591, 2104, 2178, 2195, 2481, 2495, 2566, 1982, 2057, 2112, 2129, 2423, 1937, 2103, 2135, 2221, 2108, 2159, 2247, 1882, 2066, 2203, 2592, 1984, 2285, 2899, 420, 597, 571, 1772, 252, 235, 68, 327, 140, 212, 53
425,938, 575, 411, 603, 618, 1329, 3, 37, 207, 218, 224, 329, 3871, 466, 493, 1294, 1022, 1116, 1139, 569, 391, 432, 454, 336, 554, 474, 588, 566, 620, 1490, 1028, 954, 1332, 204, 304, 3354, 2193, 2498, 1037, 335, 653, 1533, 1427, 885, 202, 216, 142, 301, 392, 418, 537, 1224, 1959, 2088, 1654, 2724, 3350, 473, 520, 1807, 645, 1058, 1090, 1436, 49, 250, 126, 5, 25, 2912, 3222, 3330, 955, 920, 2347, 629, 1825, 220, 160, 1944, 1947, 1960, 1968, 2069, 2071, 2109, 2151, 2173, 2233, 2246, 2261, 2277, 2326, 2332, 2437, 2487, 2505, 2555, 2561, 2588, 2594, 2596, 2599, 2605, 905, 1727, 874, 3353, 3192, 2056, 2143, 2162, 2291, 2507, 2514, 2523, 1894, 1403, 45, 272, 251, 298, 2289, 2098, 2255, 2413, 2538, 2023, 2124, 2245, 1966, 2337, 2286, 2325, 2449, 1951, 2013, 2296, 2461, 2031, 2131, 2149, 2315, 2506, 1926, 2196, 2248, 3356, 2673, 530, 470, 610, 149, 54, 221, 311, 177, 279, 196, 286, 1159, 138, 232, 267, 156, 59, 1315, 516, 649, 613, 2, 206, 319, 2985, 3329, 2733, 2622, 2629, 2655, 2675, 2678, 2685, 2699, 2706, 2714, 2715, 2736, 2763, 2808, 2842, 2852, 2878, 2895, 2898, 2905, 2907, 2922, 2950, 2951, 2955, 2967, 2992, 3022, 3032, 3041, 3070, 3099, 3133, 3162, 3163, 3180, 3232, 3249, 3254, 3261, 3291, 3319, 3332, 3334, 2459, 2473, 1941, 2226, 2370, 2447, 128, 2138, 2213, 2231, 2417, 2557, 27, 227, 2257, 2281, 2080, 2083, 2462, 2093, 2256, 2480, 2300, 2398, 2189, 2391, 1888, 2009, 2146, 2321, 2452, 2867, 3314, 3359, 2688, 3023, 458, 561, 270, 285, 75, 34, 3189, 2227, 2463, 1901, 2027, 2420, 2494, 2177, 98, 2589, 1884, 2322, 2386, 2504, 2551, 2604, 1899, 2067, 2293, 2550, 2011, 2015, 2477, 2183, 2198, 2215, 2363, 1986, 2016, 2602, 2175, 2531, 2065, 2524, 2562, 2572, 1922, 2170, 2323, 2451, 2511, 1993, 2020, 2160, 2220, 1928, 1962, 2546, 2003, 2344, 2270, 1998, 2242, 2044, 2443, 2457, 2472, 2556, 1989, 2172, 2207, 2383, 2404, 2497, 2525, 2536, 1939, 2063, 2086, 2211, 2339, 2574, 1953, 2039, 2070, 2167, 2309, 2428, 2455, 2471, 2501, 2192, 2275, 1949, 2030, 2260, 2279, 1885, 1940, 2059, 2073, 2139, 2306, 2327, 2225, 2076, 2229, 1375, 619, 3233, 1363, 18, 2959, 2642, 2871, 2072, 2284, 2307, 2345, 2435, 2580, 2078, 2490, 1927, 1935, 2033, 2097, 2528, 2579, 2053, 2064, 2252, 2282, 2312, 2079, 2348, 2515, 2560, 1965, 2232, 2351, 1995, 2157, 1903, 1994, 2153, 1915, 2018, 1900, 1911, 2601, 1955, 2576, 2319, 2187, 2565, 2105, 2470, 1943, 1967, 2518, 2349, 2163, 2218, 2266, 2359, 2554, 2118, 3046, 3100, 3164, 502, 62, 295
397,533, 1225, 1423, 452, 517, 572, 1736, 181, 939, 1449, 1148, 237, 122, 1164, 1059, 1712, 1705, 46, 464, 2701, 1821, 412, 1636, 584, 601, 1581, 257, 2674, 3025, 2308, 314, 1870, 1918, 1954, 1956, 2007, 2025, 2032, 2046, 2095, 2125, 2130, 2133, 2136, 2197, 2214, 2244, 2335, 2353, 2367, 2382, 2395, 2468, 2476, 2502, 2571, 422, 567, 600, 608, 595, 1015, 179, 1961, 2287, 2301, 2493, 2540, 2024, 2352, 2400, 2263, 2206, 3108, 605, 1205, 42, 7, 276, 3014, 1213, 231, 109, 210, 102, 441, 598, 2634, 2696, 2712, 2743, 2748, 2750, 2751, 2810, 2813, 2846, 2849, 2879, 2903, 2930, 2943, 2949, 2957, 2966, 2972, 3015, 3049, 3056, 3059, 3085, 3118, 3131, 3171, 3198, 3255, 3258, 3308, 3311, 3344, 2021, 2368, 2552, 2087, 2338, 247, 1895, 2110, 1958, 1987, 2584, 2894, 3120, 2975, 3271, 56, 317, 1794, 926, 352, 2169, 2544, 2050, 2092, 2450, 2595, 2529, 1942, 2534, 1938, 1920, 2603, 1909, 2041, 2164, 2243, 2458, 2043, 2608, 2126, 2156, 2414, 2543, 2001, 2166, 2329, 2357, 2549, 1996, 2045, 2174, 2376, 2436, 2334, 2228, 2564, 545, 2927, 3363, 2610, 2777, 3061, 2002, 2262, 2483, 2253, 2292, 2012, 2500, 2354, 2311, 2378, 1887, 1879, 2469, 2522, 2387, 2430, 2411, 2343, 2258, 3297, 2677, 1265, 630, 651, 3229, 2210, 2465, 3217, 3103, 2668, 3204, 3288, 2889, 2237, 2445, 2569, 1913, 2154, 2316, 2094, 2145, 2464, 2040, 2474, 2317, 2533, 2597, 2397, 2365, 2259, 2360, 2399, 1977, 1999, 2048, 1869, 2004, 2582, 2609, 1891, 2298, 2431, 2491, 2096, 3027, 3168, 330, 133, 123, 81, 200, 3148, 3154, 3191, 3263, 3341, 2819, 2866, 3279, 2860, 2643, 2825, 2776, 2917, 2926, 2838, 2892, 2704, 2731, 2815, 2970, 2994, 3050, 2908, 3001, 3024, 2996, 3043, 3096, 3323, 2732, 2885, 3058, 2730, 2797, 3289, 2681, 3009, 2982, 3200, 3216, 3265, 2817, 3141, 2864, 3123, 3152, 2691, 3250, 3082, 3146, 2633, 3150, 3151, 3197, 2665, 3298, 2809, 3241, 3257, 2884, 3047, 2921, 3276, 3338, 2857, 2958, 2019, 2331, 1929, 2058, 2127, 2155, 121, 1898, 2421, 1873, 2100, 2475, 2875, 3307, 3177, 2611, 3037, 3114, 641, 3167, 1919, 1976, 2362, 2191, 2607, 2134, 2120, 2212, 2433, 2440, 1902, 2503, 2014, 2526, 2427, 2429, 1881, 1952, 2553, 2446, 2264, 2119, 2017, 2482, 2535, 2141, 2517, 2527, 2593, 2419, 2402, 2305, 2116, 2371, 2340, 2117, 2165, 2029, 1945, 2091, 2660, 1886, 2510, 2240, 2336, 2318, 2249, 2271, 2051, 2179, 2147, 1907, 2005, 3136, 3052, 3086, 3274, 135
321,888, 988, 1054, 462, 1106, 12, 86, 395, 1816, 141, 331, 289, 213, 894, 333, 1946, 2026, 2061, 2310, 2330, 2342, 2407, 2408, 2409, 2489, 2516, 2519, 2545, 1796, 631, 3207, 396, 76, 2251, 1131, 1055, 3796, 129, 2990, 2648, 2729, 2818, 2872, 2893, 2914, 2968, 2969, 2995, 3002, 3057, 3064, 3097, 3135, 3139, 3147, 3190, 3205, 3211, 3218, 3260, 3301, 3313, 3346, 3351, 3361, 261, 255, 125, 15, 2559, 2102, 2290, 2439, 2324, 3092, 1883, 2385, 3122, 2662, 2778, 104, 952, 214, 2993, 3335, 2823, 3170, 3272, 1906, 2585, 2054, 10, 205, 364, 150, 3007, 3142, 3196, 3264, 2679, 2971, 3158, 3306, 2822, 3019, 3060, 3328, 2632, 2638, 2858, 3011, 2613, 2788, 3088, 2666, 3324, 2862, 3285, 3095, 3159, 2650, 2669, 3078, 2947, 3183, 324, 2508, 2241, 3030, 77, 13, 2000, 2548, 2052, 1969, 1908, 1985, 1981, 2185, 1889, 1917, 2182, 2140, 2168, 2424, 3275, 2657, 3102, 2081, 2333, 2171, 3239, 2624, 2938, 3286, 183, 3206, 2303, 2379, 2128, 2295, 2364, 1979, 2537, 2273, 2811, 3256, 3138, 2628, 2962, 2887, 3028, 3295, 3378, 2735, 3033, 3290, 2707, 2880, 2886, 3008, 3116, 2769, 3062, 2639, 3235, 3294, 3125, 2772, 2986, 3283, 2615, 2820, 2873, 3253, 2974, 3083, 3176, 3178, 2934, 2944, 3031, 3238, 2767, 2812, 2683, 2721, 2785, 388, 1975, 1936, 2115, 1983, 2188, 2940, 3115, 3340, 2804, 2590, 3223, 580, 2219, 1957, 1978, 2302, 1980, 2037, 2358, 2575, 2406, 2945, 3155, 2742, 3309, 2727, 2888, 3194, 2845, 2703, 2859, 3181, 2821, 2941, 3331, 2749, 3292, 3175, 3336, 2738, 2799, 2853, 3104, 3187, 3237, 3379, 3003, 3377, 2755, 2764, 2904, 3268, 2987, 2618, 2692, 2759, 3036, 2844, 2936, 2854, 2877, 2935, 2999, 2952, 2868, 3042, 3063, 2828, 3012, 3304, 2916, 2768, 2924, 3224, 3066, 3184, 3195, 3199, 3098, 3173, 3303, 2796, 3134, 3149, 2782, 3048, 2614, 2932, 3157, 3161, 3360, 3221, 2998, 3128, 2789, 3035, 2861, 3343, 2973, 2756, 2101, 2798, 1875, 2114, 2520, 2697, 1931, 2299, 2606, 2779, 2617, 3017
206,1864, 139, 78, 2084, 2113, 2132, 2158, 2405, 2456, 1390, 33, 1543, 559, 315, 112, 3565, 642, 132, 44, 58, 2623, 2702, 2737, 2744, 2792, 2816, 2883, 2919, 3026, 3069, 3201, 3212, 3226, 3227, 3277, 2848, 3079, 2728, 1839, 3347, 3299, 2466, 2074, 1992, 70, 2667, 2831, 3130, 2644, 2612, 3044, 2719, 3364, 2631, 3202, 2708, 2700, 2635, 2698, 2726, 3236, 1924, 2380, 2265, 2563, 2570, 1991, 3016, 1036, 2209, 2190, 2441, 1877, 2795, 282, 2839, 3129, 2979, 2835, 2705, 2790, 2802, 3317, 2621, 3228, 3094, 3367, 2977, 2647, 1925, 2396, 2690, 2942, 1262, 3240, 3355, 2918, 3220, 1932, 2314, 169, 2937, 3281, 2734, 2933, 3245, 2687, 2630, 3247, 2901, 3075, 3140, 2980, 3370, 2855, 2814, 2784, 2695, 2876, 3143, 3270, 2801, 2745, 3373, 2891, 2913, 2682, 3106, 2786, 2230, 2035, 2983, 3374, 3137, 2216, 1970, 2663, 1972, 2388, 2350, 2448, 2781, 136, 2374, 3296, 2636, 2961, 2645, 3231, 3366, 3132, 3065, 105, 130, 3327, 1914, 3166, 3251, 2758, 3165, 3081, 2863, 3182, 2896, 3109, 3090, 2931, 2425, 2234, 2288, 1905, 3053, 2954, 3325, 2997, 2939, 3246, 2826, 3342, 3156, 2906, 2953, 3112, 3054, 2902, 2062, 2223, 3018, 3339, 3203, 2929, 2710, 2925, 2625, 3174, 2694, 2722, 2948, 3113, 2965, 3145, 3242, 2676, 3169, 2060, 1916
121,1599, 38, 48, 186, 173, 1621, 36, 265, 71, 2671, 2686, 2711, 2718, 2740, 2747, 2770, 2870, 2897, 3004, 3252, 2909, 51, 2600, 2567, 611, 2111, 1890, 3333, 3368, 3300, 591, 2684, 3219, 3302, 2680, 3091, 2956, 2716, 3273, 3243, 3000, 2161, 226, 2392, 2394, 2479, 2068, 2294, 3208, 2791, 3321, 2827, 3269, 3117, 3185, 640, 1933, 2910, 2075, 2401, 322, 3244, 2824, 3365, 3362, 2890, 2989, 2672, 1973, 1971, 1878, 277, 3326, 3284, 2496, 2577, 2794, 2637, 2746, 2915, 2752, 3349, 3144, 2869, 1871, 3040, 2780, 2830, 2837, 3225, 2836, 2856, 3119, 3107, 3034, 2850, 3021, 2267, 2661, 1627, 2390, 1892, 3358, 2664, 2654, 3186, 3322, 2148, 2356, 2123, 2988, 3193, 2991, 2960, 3013, 1912, 3267, 2963, 2616, 3312, 2239
59,1008, 3293, 2720, 2964, 3055, 2375, 2181, 2269, 2765, 2806, 3124, 2656, 2760, 2793, 2807, 3188, 2202, 40, 1658, 2366, 2658, 2882, 2717, 2829, 2800, 3160, 2377, 1964, 1948, 2205, 3259, 3375, 2761, 2753, 3376, 2418, 3372, 3316, 14, 3213, 2652, 2783, 2646, 3278, 2313, 3287, 3380, 2874, 1921, 2486, 2454, 3318, 3089, 2121, 2649, 2341, 3315, 2851, 2976
32,1214, 2006, 2581, 2085, 624, 20, 2865, 2803, 3068, 2978, 308, 320, 3262, 2626, 2137, 3153, 3029, 2403, 3348, 3039, 3111, 2693, 3038, 3084, 3215, 3179, 2739, 2911, 3005, 2881, 2509, 2651
15,1997, 3073, 2774, 1934, 3230, 2725, 3080, 1930, 4, 143, 2843, 2485, 2841, 3127, 3369
7,168, 3076, 3101, 3045, 2619, 3074, 3266
10,144, 2627, 2920, 2832, 2709, 1990, 3093, 3020, 3345, 3280
3,3051, 3320, 2834
2,2775, 3087
0,
0,
0,
0,
0,
