1,3381
29,3392, 3421, 3422, 3424, 3455, 3469, 3489, 3501, 3529, 3533, 3546, 3548, 3556, 3572, 3580, 3638, 3652, 3679, 3764, 3802, 3810, 3811, 3814, 3875, 3877, 3881, 3890, 3902, 3907
50,3410, 3420, 3462, 3478, 3510, 3511, 3551, 3568, 3579, 3606, 3641, 3666, 3681, 3695, 3698, 3746, 3751, 3780, 3791, 3803, 3823, 3853, 3862, 3909, 3624, 3763, 3423, 3465, 3870, 3487, 3439, 3633, 3515, 3635, 3816, 3785, 3495, 3673, 3440, 3411, 3839, 3513, 3819, 3518, 3642, 3476, 1050, 3555, 3723, 3473
81,3393, 3400, 3445, 3537, 3557, 3582, 3619, 3625, 3634, 3674, 3720, 3755, 3786, 3812, 3820, 3821, 3860, 3861, 3904, 3880, 3765, 3903, 3736, 3898, 3668, 3396, 3442, 3768, 3448, 3685, 3690, 3497, 3646, 3739, 3404, 3660, 3441, 3888, 3553, 3608, 3704, 3799, 3905, 3600, 3670, 3882, 3621, 3714, 3471, 3879, 3800, 3840, 3540, 3413, 3612, 3740, 3892, 3806, 3492, 3456, 3581, 3499, 3773, 3661, 3822, 3505, 3585, 3738, 3596, 3767, 3824, 3470, 3517, 1514, 1525, 1550, 3550, 3687, 3693, 3488, 3432
111,3395, 3416, 3433, 3438, 3570, 3594, 3598, 3601, 3603, 3614, 3631, 3654, 3688, 3691, 3788, 3795, 3817, 3835, 3849, 3859, 3895, 3901, 3527, 3583, 3675, 3793, 3607, 3552, 3484, 3464, 3531, 3443, 3452, 3571, 3653, 3437, 3506, 3500, 3401, 3689, 3761, 3564, 3620, 3565, 3622, 3701, 3719, 3463, 3406, 3397, 3428, 3545, 3574, 3692, 3535, 3554, 3649, 3710, 3770, 3468, 3577, 3667, 3848, 3705, 3734, 3727, 1149, 1268, 3730, 3584, 3871, 3866, 3595, 3591, 3745, 3658, 3459, 3490, 3863, 3566, 3722, 3716, 3794, 3650, 3883, 3405, 3562, 3496, 3665, 3760, 3771, 3772, 3412, 3833, 3721, 3645, 3417, 3787, 3894, 3697, 3427, 3544, 3576, 3759, 3762, 3386, 3514, 3647, 1613, 3434, 3617
82,3460, 3521, 3559, 3618, 3659, 3703, 3754, 3774, 3908, 3482, 3669, 3813, 3534, 3503, 3491, 3402, 3458, 3384, 3699, 3775, 3857, 3657, 3757, 3777, 3783, 3636, 3528, 3526, 3597, 3475, 3776, 3382, 3398, 3426, 3846, 3627, 3872, 3613, 3542, 3586, 3733, 3430, 3899, 3467, 915, 1545, 1235, 1665, 3900, 3602, 3390, 3651, 3672, 3435, 829, 3454, 3623, 833, 3558, 3589, 3575, 3842, 3815, 3748, 3549, 3678, 3868, 3828, 3447, 3632, 1512, 1763, 3731, 3713, 3525, 3896, 3436, 3876, 3414, 3494, 938, 1266
57,3387, 3708, 3561, 3587, 3852, 3450, 3477, 3590, 3643, 3753, 3630, 3769, 3474, 3408, 3805, 3610, 3485, 1633, 1572, 1676, 1464, 3543, 3725, 3726, 3449, 3637, 3854, 3523, 3451, 3466, 1470, 1165, 3700, 3829, 3836, 3867, 3729, 3864, 3512, 3648, 3694, 3715, 3798, 3111, 1278, 3827, 3509, 1760, 1803, 3519, 3539, 1782, 3837, 1554, 1541, 1739, 1761
78,3789, 1477, 3383, 3677, 3851, 3541, 3599, 3706, 1822, 1644, 1412, 3578, 3712, 3841, 3522, 1381, 1662, 100, 3671, 3629, 3826, 3461, 955, 1288, 1410, 3391, 3504, 3409, 3567, 671, 3663, 3758, 918, 1654, 1350, 1579, 1089, 1111, 3498, 3425, 3563, 1670, 1393, 2775, 2953, 2967, 3025, 1107, 3520, 3696, 1658, 956, 1453, 1560, 1589, 1043, 1228, 1391, 1479, 1530, 1780, 1801, 882, 958, 1341, 1430, 1498, 1790, 1444, 1770, 931, 1144, 1241, 1337, 1399, 1609, 1718, 1750
229,3766, 3844, 3394, 550, 3532, 3873, 1321, 3709, 3486, 3756, 2831, 1519, 3782, 3676, 3569, 960, 864, 1038, 1547, 1757, 1833, 943, 945, 3831, 3573, 3910, 2924, 2968, 926, 1421, 3743, 3418, 1493, 1776, 1784, 968, 1014, 1305, 1359, 1516, 1518, 899, 925, 959, 1296, 1369, 1157, 1065, 1250, 1331, 1338, 1426, 1450, 1562, 1578, 1680, 1640, 1731, 1003, 935, 998, 957, 1082, 1100, 1212, 876, 895, 900, 911, 964, 989, 991, 1004, 1040, 1063, 1064, 1092, 1095, 1112, 1124, 1140, 1161, 1172, 1207, 1211, 1269, 1283, 1293, 1302, 1310, 1329, 1356, 1425, 1433, 1478, 1482, 1485, 1515, 1548, 1647, 1652, 1671, 1694, 1696, 1703, 1729, 1742, 1755, 1810, 1819, 1821, 1823, 1867, 1620, 1123, 3125, 830, 862, 3718, 1204, 1570, 468, 897, 1439, 1569, 1601, 1674, 1678, 1714, 1125, 1160, 1291, 1322, 1600, 1847, 912, 982, 1074, 1081, 1351, 1499, 1529, 1216, 1481, 1642, 1710, 1012, 1180, 1183, 969, 2986, 3347, 2972, 2793, 2691, 893, 1099, 1071, 1263, 1693, 1791, 1376, 1795, 947, 1468, 1565, 1191, 1577, 1646, 1773, 1820, 1835, 1143, 1290, 1510, 962, 1118, 1251, 1295, 1371, 1767, 1024, 1091, 1619, 1115, 1460, 1594, 1799, 890, 1571, 1576, 1622, 1407, 1557, 1616, 1756, 1858, 1348, 1687, 1475, 1489, 886, 1086, 1168, 1175, 1217, 1249, 1380, 1669, 932, 971, 1167, 1494, 1632, 1805, 1528, 1664, 1692, 1709, 1252, 1147, 1233, 1416, 1456, 1533, 1653, 1513, 1521, 1555
276,3778, 3838, 3680, 3592, 3407, 1808, 3004, 3481, 3717, 3403, 1286, 3752, 1864, 3524, 1273, 1362, 1762, 1816, 867, 1062, 1631, 1127, 3889, 3615, 1330, 1598, 3845, 1638, 1655, 875, 1044, 1301, 1313, 1546, 1660, 1121, 1199, 1230, 1336, 1442, 1783, 1842, 1844, 1163, 1409, 1580, 1753, 3735, 3865, 3604, 1136, 1289, 361, 459, 522, 549, 627, 865, 879, 927, 939, 961, 983, 993, 1039, 1046, 1070, 1073, 1088, 1150, 1280, 1281, 1308, 1320, 1344, 1415, 1461, 1520, 1567, 1575, 1610, 1726, 1730, 1813, 1857, 2889, 3207, 1641, 3446, 791, 1627, 1865, 1625, 1766, 1722, 1746, 1232, 1626, 2762, 3118, 2683, 3108, 2772, 1748, 917, 1707, 873, 1021, 1041, 1596, 1328, 1681, 1487, 1501, 1246, 1248, 1566, 1698, 1005, 1300, 1395, 1153, 1361, 1491, 1087, 1051, 1824, 1574, 892, 1447, 1134, 1203, 1254, 1126, 3444, 3749, 563, 622, 3429, 372, 481, 1683, 1583, 1725, 1418, 1768, 1792, 1837, 1108, 1292, 1239, 1657, 1443, 1645, 1561, 1817, 1013, 1056, 1387, 1358, 1093, 1446, 1122, 1675, 1605, 1507, 1851, 1294, 1319, 1508, 891, 339, 1785, 1182, 1188, 1585, 980, 1120, 1192, 1253, 1829, 578, 869, 1830, 1353, 1297, 1527, 1568, 1592, 1764, 883, 1187, 986, 1563, 1582, 1854, 887, 1146, 1010, 1552, 1686, 1699, 907, 2024, 2220, 2236, 2242, 2289, 2493, 2546, 1672, 1047, 1247, 1422, 1720, 1758, 1105, 1428, 1298, 1841, 1379, 1691, 994, 1098, 3276, 2959, 3086, 495, 498, 1532, 1649, 1551, 1019, 1312, 1284, 1137, 1135, 1472, 3366, 2789, 3124, 3243, 3264, 3053, 3341, 2724, 2719, 2823, 3035, 3096, 3115, 3144, 3224, 3265, 2665, 1420, 1223, 1728, 1538, 1417, 1752, 1178, 1396, 1080, 1711, 1751, 1429, 1798, 1423, 1497, 1659, 1856, 948, 1027, 1754, 1789
392,3593, 3547, 839, 1537, 3453, 1155, 3707, 1201, 3832, 1084, 3784, 1226, 1506, 3804, 874, 922, 1001, 1020, 1060, 1102, 1103, 1171, 1177, 1218, 1324, 1340, 1349, 1354, 1427, 1502, 1558, 1677, 1717, 1735, 1345, 3233, 681, 795, 1057, 2958, 3291, 2871, 3059, 3177, 3290, 2949, 2981, 1861, 3744, 3222, 1200, 1476, 1049, 2650, 2684, 3063, 3189, 1076, 1635, 1432, 1615, 1778, 1365, 1206, 1741, 1339, 1836, 1523, 1723, 1264, 1411, 1849, 1190, 1509, 1540, 1769, 1009, 1721, 1435, 1431, 1840, 940, 946, 1602, 1834, 587, 1827, 1128, 1334, 2152, 978, 913, 1327, 1448, 1544, 1463, 1400, 1483, 1282, 2777, 2885, 2982, 1382, 1495, 421, 1048, 1802, 3310, 2998, 2849, 2852, 2961, 3022, 937, 1807, 1142, 1679, 1170, 1158, 1326, 924, 1556, 1317, 1368, 1053, 3711, 1139, 1244, 1682, 889, 1097, 1131, 1145, 1186, 1221, 1587, 909, 3834, 1026, 417, 434, 444, 503, 532, 530, 573, 1141, 1261, 487, 1800, 377, 385, 521, 544, 976, 501, 1474, 1777, 1318, 1781, 614, 1133, 1104, 467, 1637, 1240, 985, 1154, 1279, 1385, 1342, 1438, 1788, 3231, 2813, 2612, 2625, 2629, 2658, 2662, 2676, 2735, 2746, 2757, 2758, 2769, 2781, 2835, 2843, 2891, 2900, 2915, 2932, 2973, 2978, 2993, 3017, 3018, 3029, 3047, 3092, 3117, 3135, 3159, 3167, 3178, 3203, 3219, 3229, 3246, 3251, 3334, 3335, 3346, 661, 751, 1599, 1355, 1480, 2829, 3007, 2940, 510, 1367, 966, 987, 3797, 397, 3662, 445, 542, 334, 403, 477, 2693, 1397, 1085, 2010, 2106, 2108, 2218, 2286, 2347, 868, 1384, 1690, 870, 977, 1045, 1002, 1189, 528, 1607, 1383, 1612, 1860, 1352, 1152, 906, 953, 1079, 1166, 1245, 1238, 1259, 1462, 1222, 1364, 1434, 571, 1196, 1404, 1673, 1408, 884, 1017, 1389, 1500, 1850, 972, 1826, 1743, 1531, 1804, 1806, 1606, 2222, 2232, 2423, 1901, 1995, 2231, 2345, 2363, 1902, 1918, 1941, 1961, 2043, 2053, 2097, 2154, 2167, 2470, 1882, 2146, 2200, 2245, 2278, 2369, 2557, 2004, 2204, 2214, 2539, 1868, 1994, 2088, 2157, 2186, 2201, 2258, 2497, 2550, 2551, 2560, 2573, 2595, 2016, 2029, 2155, 2215, 2243, 2306, 2371, 2376, 2396, 1855, 881, 1617, 1581, 1825, 374, 1220, 1299, 880, 1173, 2842, 3206, 3330, 3184, 3304, 2669, 2688, 455, 901, 1839, 3028, 2752, 2797, 2880, 2899, 2610, 3048, 3170, 3183, 3225, 2727, 2801, 2903, 3143, 2950, 3062, 3057, 3294, 3146, 3235, 2661, 2668, 3061, 3078, 2730, 2817, 3322, 2796, 3309, 3066, 2862, 2614, 1033, 1853, 933
621,3792, 1715, 1016, 916, 1793, 928, 1193, 3507, 617, 914, 944, 1008, 1151, 1195, 1224, 1258, 1262, 1270, 1275, 1373, 1402, 1441, 1445, 1471, 1503, 1542, 1636, 1852, 828, 844, 861, 2677, 2808, 1370, 999, 1401, 1736, 424, 3312, 2881, 1052, 1061, 1526, 1148, 923, 1335, 1414, 1534, 1536, 1814, 1716, 1419, 863, 1159, 1998, 2518, 2542, 975, 1236, 1488, 3209, 3355, 2623, 2633, 2782, 3100, 841, 1496, 3205, 2996, 3151, 3232, 1034, 1603, 3742, 1202, 1484, 1643, 1695, 423, 431, 474, 359, 402, 399, 508, 476, 569, 1597, 1285, 1740, 1094, 1271, 1593, 936, 984, 1243, 1028, 1504, 1458, 1132, 1866, 1623, 2673, 3200, 2637, 2640, 2716, 2741, 2765, 2770, 2787, 2795, 2856, 2859, 2866, 2875, 2876, 2879, 2890, 2897, 2941, 2983, 2997, 3011, 3107, 3113, 3134, 3171, 3248, 3289, 3299, 3313, 3323, 3328, 3363, 799, 800, 2709, 3263, 3064, 1025, 3640, 1077, 1198, 1274, 1473, 355, 509, 383, 415, 416, 1618, 348, 990, 1896, 1963, 2066, 2281, 2352, 2442, 2462, 2591, 1744, 1452, 1000, 543, 1629, 1815, 1083, 1392, 1818, 1106, 979, 1032, 1176, 1656, 1828, 1219, 1862, 1863, 1454, 1539, 1066, 1068, 2521, 2565, 1903, 2309, 2383, 2412, 2487, 2490, 2555, 1874, 1881, 1897, 1989, 1993, 1999, 2391, 1915, 2110, 2330, 2359, 2449, 2547, 1904, 2093, 2003, 2087, 2098, 2494, 2503, 2504, 2604, 2127, 2139, 2160, 2187, 2334, 1984, 2321, 2337, 2905, 2916, 2697, 2742, 2985, 963, 3091, 3218, 3321, 3318, 3202, 2636, 2898, 3133, 2667, 2887, 3131, 3378, 3154, 3288, 3360, 2964, 2969, 3157, 3221, 2729, 2792, 3296, 3329, 1067, 929, 1394, 1832, 1586, 1306, 1490, 1492, 1035, 2768, 754, 676, 777, 2718, 2884, 2686, 2869, 2621, 3158, 2844, 2970, 2910, 949, 1332, 1704, 1697, 1110, 1276, 941, 1634, 1343, 1684, 2422, 2057, 1663, 1591, 1774, 3098, 3297, 2939, 951, 462, 497, 644, 3015, 3211, 2975, 3156, 3160, 3216, 1101, 1738, 1705, 1666, 536, 358, 486, 585, 408, 499, 526, 539, 478, 449, 1573, 1661, 1406, 1630, 457, 1639, 1386, 2963, 2634, 3083, 3175, 2647, 2812, 2942, 2987, 2994, 3283, 3308, 2914, 2917, 2933, 3065, 3237, 3361, 2731, 2974, 3338, 2664, 2692, 3275, 2892, 2654, 2788, 3260, 2705, 3274, 3043, 3266, 3295, 3327, 2826, 3324, 2818, 3162, 3285, 3191, 712, 784, 668, 1023, 3272, 3149, 1667, 872, 488, 592, 572, 380, 524, 349, 350, 354, 419, 456, 520, 523, 338, 3199, 351, 2285, 2325, 2430, 2602, 2135, 2296, 2460, 2255, 2272, 2373, 2404, 2420, 128, 2089, 2131, 2349, 1911, 1959, 2552, 2566, 2072, 2175, 345, 376, 413, 436, 1197, 1604, 974, 910, 1372, 1467, 1859, 1277, 1553, 1727, 1072, 2484, 2090, 2126, 2142, 2235, 2268, 2169, 2104, 2370, 2413, 2398, 1876, 2282, 2458, 2507, 2083, 2120, 2134, 2143, 2194, 2381, 2172, 2261, 2436, 2440, 2564, 2064, 2076, 2259, 2329, 2360, 2170, 2451, 2523, 1927, 1986, 2058, 2105, 2211, 2344, 2443, 2510, 1976, 2228, 2262, 2483, 2529, 2549, 1935, 2327, 2362, 2073, 2077, 2229, 2292, 2070, 2524, 2540, 2166, 2471, 2038, 2063, 2086, 2164, 2307, 2414, 2416, 2002, 2019, 2505, 2511, 2141, 2168, 2208, 2226, 2177, 2590, 2592, 2378, 2532, 1920, 2129, 2162, 2195, 2297, 2300, 1958, 2144, 2046, 2138, 2280, 2389, 1873, 1880, 1895, 1898, 1929, 1955, 1960, 1987, 2071, 2074, 2101, 2113, 2121, 2136, 2145, 2182, 2357, 2364, 2399, 2438, 2481, 2574, 2459, 2150, 1535, 2517, 2563, 2028, 2193, 2001, 1885, 2045, 2079, 2339, 2361, 2367, 2579, 2041, 2477, 2500, 1939, 2067, 2109, 2174, 2224, 2380, 2457, 2543, 1894, 1953, 2183, 2382, 2316, 2502, 2277, 2284, 2305, 2034, 2435, 2512, 2025, 2253, 2536, 2446, 2525, 2276, 2587, 2030, 2091, 382, 470, 1388, 1272, 1174, 1455, 1267, 1303, 2682, 3279, 2778, 3016, 2921, 2736, 3021, 3114, 2886, 3286, 3082, 3180, 3281, 2840, 3094, 3250, 2702, 3128, 3130, 2965, 2657, 3204, 2785, 3103, 3369, 2649, 2750, 2714, 2811
521,1015, 1130, 1179, 1449, 1624, 1668, 1688, 840, 847, 851, 2913, 3122, 3123, 3152, 3014, 1732, 1786, 3415, 1116, 1595, 2447, 1042, 1737, 3340, 2717, 3106, 3169, 2627, 3480, 1316, 398, 404, 465, 504, 589, 352, 472, 511, 540, 429, 363, 1466, 1234, 2807, 2894, 2620, 2638, 2648, 2672, 2689, 2700, 2723, 2810, 2838, 2870, 2872, 2923, 2945, 2952, 3001, 3031, 3036, 3046, 3067, 3208, 3337, 3370, 3371, 3472, 660, 701, 2739, 1451, 1775, 1209, 1809, 1838, 484, 491, 336, 2042, 2124, 2221, 2480, 2598, 1628, 1255, 446, 997, 1689, 594, 1007, 1031, 934, 2488, 2264, 2463, 2011, 2094, 2417, 1888, 1982, 2283, 2100, 2498, 2506, 2178, 2528, 2059, 2279, 2340, 2433, 2452, 1747, 1797, 905, 1006, 3342, 3139, 2979, 657, 3239, 2645, 3192, 3196, 2678, 2732, 2937, 3220, 1018, 3457, 1117, 1648, 1469, 3197, 796, 2674, 2745, 2660, 3155, 2944, 1772, 1090, 1590, 2918, 3359, 3350, 3362, 2906, 1265, 1304, 1713, 3479, 490, 463, 400, 440, 515, 388, 454, 1078, 394, 471, 1724, 615, 919, 1366, 1611, 1524, 896, 1333, 3374, 2666, 2776, 2814, 3176, 2839, 2721, 3354, 2860, 2948, 3030, 3050, 2694, 2726, 2893, 3173, 2759, 3038, 3019, 3307, 2935, 3241, 3240, 3270, 2699, 3236, 3023, 2966, 3345, 756, 699, 707, 1511, 3052, 1465, 356, 357, 395, 418, 437, 502, 165, 353, 878, 2018, 2099, 2103, 1910, 1926, 2461, 2291, 2410, 2031, 2153, 2320, 1811, 2331, 1974, 2112, 2233, 2578, 2256, 2450, 2515, 1899, 2526, 2050, 1909, 2603, 2568, 2240, 2301, 1942, 2322, 2348, 1940, 2020, 2514, 2453, 2561, 2558, 2080, 2082, 2116, 2180, 1886, 1891, 1893, 1905, 1936, 1970, 2009, 2114, 2132, 2246, 2368, 2386, 2419, 2492, 2572, 2575, 2582, 2319, 2332, 2342, 2559, 1949, 2015, 2207, 2580, 2033, 2472, 2556, 2014, 1919, 2039, 2078, 2312, 2012, 2191, 2048, 2252, 1922, 500, 1346, 1413, 3058, 2816, 3084, 2624, 2611, 2617, 2656, 2824, 908, 1029, 1347, 163, 1831, 1436, 852, 662, 782, 920, 2473, 2036, 3186, 3179, 1129, 393, 507, 548, 406, 574, 602, 603, 379, 621, 1459, 3166, 2761, 2680, 2868, 2867, 2980, 3331, 3343, 2936, 3268, 2925, 3332, 2655, 2908, 2615, 2616, 3129, 2819, 2779, 2643, 2822, 2853, 2904, 670, 729, 529, 496, 2149, 1872, 1966, 2346, 2351, 2424, 1879, 2275, 2491, 2586, 903, 1378, 2308, 2421, 2501, 2095, 2287, 2293, 1977, 2553, 2323, 2429, 1945, 2541, 2197, 2013, 2227, 2469, 2173, 2467, 2027, 2062, 2304, 2065, 1957, 2119, 2554, 3027, 3223, 2734, 3136, 2753, 970, 731, 691, 765, 770, 790, 816, 819, 725, 2679, 2999, 3037, 1325, 1700, 1988, 2711, 2957, 1309, 494, 341, 430, 519, 2738, 3026, 3069, 3344, 2630, 2864, 2722, 3095, 2706, 3042, 2613, 2749, 2934, 3088, 2962, 2755, 2820, 2828, 3060, 3187, 2712, 2703, 2857, 2690, 3301, 2708, 3269, 3190, 2707, 779, 809, 654, 464, 460, 2415, 2601, 2238, 2257, 2538, 2531, 1951, 1965, 2179, 80, 2165, 2096, 2247, 2225, 1900, 447, 576, 505, 340, 1549, 1787, 1205, 2607, 2522, 2400, 1950, 2189, 1996, 2455, 2260, 2102, 2198, 2428, 2244, 2372, 2401, 2426, 2385, 2213, 2298, 2047, 1887, 1907, 1980, 2156, 2317, 2489, 2597, 1947, 2431, 2468, 1928, 2128, 2005, 2365, 2350, 2486, 1933, 2021, 2790, 3300, 3257, 2791, 3242, 3317, 3375
370,3664, 3850, 3141, 1357, 1257, 995, 1256, 973, 1311, 1215, 3906, 1260, 3655, 1734, 538, 1184, 575, 1712, 2713, 2619, 2652, 2653, 2696, 2854, 2861, 2943, 3000, 3013, 3041, 3138, 3249, 3258, 3284, 3292, 3336, 3353, 3357, 789, 2701, 3278, 1424, 405, 1194, 1114, 898, 2338, 1921, 1685, 1323, 480, 1119, 2794, 2751, 3148, 3683, 1314, 952, 1701, 2912, 747, 807, 773, 3116, 3271, 3305, 3256, 2635, 3119, 3003, 1486, 3356, 3009, 3079, 373, 553, 387, 531, 458, 344, 1651, 407, 606, 3234, 389, 904, 1403, 3076, 2845, 3140, 2764, 2632, 2646, 2622, 2644, 2704, 2784, 2715, 2883, 2976, 3072, 3193, 3303, 750, 792, 343, 392, 439, 2544, 2056, 1848, 650, 1377, 558, 2411, 2589, 1943, 2303, 2475, 1992, 2037, 2040, 2476, 2265, 2482, 2608, 2075, 1878, 1892, 1916, 1946, 1954, 2044, 2184, 2249, 2250, 2302, 2313, 2356, 2358, 2366, 2499, 2509, 2519, 2545, 2271, 2266, 1037, 1375, 3365, 3005, 435, 2830, 3033, 3325, 3349, 2947, 3150, 726, 810, 442, 2671, 3198, 3032, 546, 466, 584, 638, 1708, 1229, 2631, 2951, 3194, 2863, 3182, 2802, 2821, 2858, 686, 735, 823, 718, 732, 2023, 2118, 2584, 2427, 1937, 2508, 2008, 2202, 2767, 3121, 3319, 2744, 2740, 2990, 2804, 2988, 693, 714, 738, 667, 806, 3230, 2639, 335, 921, 620, 648, 2836, 2799, 3174, 2888, 2825, 3120, 3306, 3379, 2798, 2628, 2922, 2855, 3358, 2618, 2710, 3201, 506, 595, 557, 453, 409, 537, 3090, 311, 1932, 2140, 2130, 533, 541, 1702, 2092, 2212, 2406, 1869, 2600, 2393, 1870, 1883, 1924, 2609, 1875, 2223, 2377, 2068, 2336, 527, 3339, 2651, 3039, 2895, 3110, 3807, 3238, 3099, 3054, 2754, 762, 778, 781, 786, 798, 805, 703, 902, 1559, 1925, 608, 2495, 2176, 3333, 3368, 814, 666, 727, 737, 1440, 1059, 473, 346, 3228, 2865, 3044, 3112, 2977, 3377, 2877, 3012, 3097, 3185, 728, 793, 817, 775, 818, 821, 1908, 1962, 2445, 2533, 2196, 2017, 1981, 1975, 2354, 366, 855, 629, 3165, 2698, 2815, 2873, 3277, 3273, 2938, 3024, 3245, 2687, 2743, 704, 2163, 1985, 2263, 2571, 2188, 2241, 2343, 2107, 1991, 2251, 753, 721, 743, 769, 802, 803, 684, 3364, 3147, 3259, 2756, 3006, 2929, 3181, 2971, 3247, 2827, 426, 2535, 1884, 309, 2405, 2569, 2387, 2402, 1956, 2237, 2147, 2596, 1978, 2465, 1979
183,1210, 2685, 2803, 3049, 3261, 682, 1360, 651, 3267, 3188, 1398, 3311, 965, 942, 381, 652, 583, 954, 2901, 2786, 2927, 3315, 422, 433, 461, 3102, 2051, 1208, 613, 1374, 2548, 2203, 1917, 1969, 2022, 2032, 2299, 2324, 2397, 2409, 2418, 2577, 2581, 2353, 3164, 2780, 834, 835, 708, 783, 797, 1779, 842, 1307, 401, 601, 626, 635, 639, 647, 3252, 3280, 724, 1242, 2000, 2851, 3055, 678, 745, 2926, 347, 3085, 513, 485, 427, 1938, 1913, 2444, 2210, 2439, 1968, 2288, 2537, 2295, 411, 469, 2760, 2954, 3070, 2783, 2728, 534, 475, 2670, 702, 710, 734, 761, 768, 827, 2806, 2774, 410, 3104, 414, 2318, 2585, 2081, 1877, 1437, 181, 3045, 425, 658, 630, 700, 2159, 1931, 2270, 689, 764, 512, 3075, 2675, 2896, 590, 1972, 203, 1983, 2052, 2216, 2267, 2084, 2049, 3253, 787, 631, 360, 2834, 692, 1944, 1914, 2115, 2239, 2026, 2593, 2311, 2328, 2375, 2355, 2567, 3254, 2642, 420, 525, 581, 604, 616, 3109, 801, 733, 772, 766, 674, 642, 1930, 2527, 2606, 2576, 675, 825, 680, 812, 736, 2464, 493, 776, 588, 2310, 2992, 110, 278, 2006
123,3611, 888, 720, 2641, 2771, 930, 3008, 3081, 3282, 337, 362, 371, 1845, 2315, 2137, 2456, 2902, 2626, 843, 837, 599, 634, 3262, 3132, 3348, 697, 742, 552, 1934, 2248, 746, 711, 3244, 1022, 390, 2588, 2562, 2314, 1871, 2069, 2425, 2234, 2161, 443, 3168, 3226, 2874, 1588, 838, 3801, 479, 1054, 2909, 2930, 3255, 2766, 3101, 679, 719, 785, 758, 441, 2290, 2395, 518, 580, 640, 2720, 2800, 2605, 820, 2695, 2837, 2206, 3939, 3956, 1967, 3825, 412, 562, 2151, 2408, 2054, 2035, 2117, 780, 669, 450, 61, 2931, 672, 760, 2125, 664, 739, 2659, 0, 7, 54, 295, 516, 2185, 858, 860, 1522, 3367, 857, 607, 586, 2847, 261, 266, 2190, 3227, 2520, 2171, 612, 577, 759, 757, 752, 579, 180
97,3314, 559, 618, 628, 637, 645, 1621, 1759, 598, 713, 2219, 2846, 2733, 2989, 698, 2407, 3287, 950, 482, 1614, 1906, 659, 2583, 3153, 1952, 302, 2594, 2294, 2454, 2111, 2956, 551, 2474, 2148, 2055, 649, 1771, 3034, 570, 365, 241, 291, 715, 170, 178, 210, 2599, 600, 582, 655, 556, 3074, 2920, 58, 744, 3380, 2254, 633, 593, 250, 312, 59, 850, 856, 767, 2230, 2199, 2960, 755, 596, 2841, 3919, 2192, 321, 2273, 22, 50, 51, 67, 109, 124, 133, 173, 182, 183, 215, 220, 244, 249, 308, 322, 96, 235, 298, 162, 561, 619
95,722, 740, 826, 3137, 3071, 3217, 2388, 2534, 643, 2432, 1213, 3163, 822, 3010, 2060, 2403, 560, 695, 688, 597, 741, 3372, 47, 656, 451, 483, 2441, 853, 641, 623, 565, 566, 384, 690, 771, 1964, 2448, 2122, 2485, 2392, 11, 25, 53, 168, 808, 492, 3941, 115, 21, 41, 52, 55, 71, 120, 121, 125, 150, 179, 198, 225, 239, 280, 281, 299, 303, 18, 1227, 279, 27, 44, 97, 260, 17, 157, 310, 134, 195, 609, 269, 331, 610, 164, 201, 212, 673, 1948, 153, 57, 81, 39, 33, 19, 107, 192, 257
76,3790, 3298, 2809, 2085, 1889, 832, 1923, 3056, 815, 981, 316, 2007, 2747, 683, 102, 190, 35, 3326, 2437, 2466, 2205, 811, 709, 75, 1505, 749, 3536, 91, 126, 20, 108, 117, 139, 141, 154, 186, 222, 259, 276, 288, 297, 846, 167, 196, 706, 1765, 319, 26, 685, 56, 114, 1912, 3962, 49, 228, 9, 106, 290, 118, 325, 3145, 243, 111, 246, 265, 258, 254, 304, 172, 2, 45, 305, 13, 66, 318, 274
54,3213, 142, 1363, 2209, 3373, 2513, 5, 69, 127, 188, 221, 255, 275, 277, 605, 3293, 2516, 1990, 2269, 68, 227, 284, 301, 89, 116, 3087, 138, 567, 77, 191, 113, 213, 209, 251, 247, 161, 3, 151, 99, 204, 10, 378, 140, 85, 329, 323, 200, 794, 663, 328, 332, 42, 93, 202
33,845, 2326, 854, 149, 184, 217, 229, 238, 240, 268, 283, 289, 326, 263, 705, 1733, 60, 199, 313, 788, 547, 231, 270, 273, 48, 104, 129, 95, 333, 87, 296, 14, 206
20,564, 877, 665, 3921, 262, 237, 730, 72, 76, 3161, 36, 3947, 300, 23, 189, 218, 28, 147, 317, 287
20,824, 292, 294, 687, 1, 216, 94, 330, 3911, 3942, 324, 282, 3051, 176, 2725, 12, 101, 131, 286, 136
15,2748, 24, 6, 214, 73, 34, 224, 32, 15, 16, 38, 293, 86, 3934, 119
8,285, 219, 307, 3961, 3944, 82, 320, 207
6,92, 143, 3913, 3915, 187, 159
6,226, 3955, 3923, 3925, 242, 3933
4,169, 3958, 135, 3949
1,3918
6,88, 3927, 123, 267, 40, 3924
2,3930, 3948
3,3916, 314, 3912
3,31, 62, 3945
0,
1,3926
1,3922
0,
1,252
0,
0,
0,
0,
0,
