1,3381
26,3403, 3406, 3424, 3438, 3477, 3486, 3496, 3504, 3515, 3516, 3554, 3632, 3635, 3662, 3674, 3697, 3737, 3738, 3748, 3761, 3804, 3838, 3854, 3855, 3862, 3865
51,3390, 3398, 3421, 3435, 3475, 3490, 3542, 3553, 3556, 3557, 3569, 3575, 3587, 3605, 3613, 3614, 3624, 3626, 3633, 3664, 3676, 3705, 3742, 3770, 3780, 3807, 3823, 3835, 1050, 3437, 3411, 3414, 3687, 3794, 3434, 3441, 3620, 3731, 3699, 3499, 3651, 3786, 3393, 3482, 3831, 3765, 3833, 3645, 3521, 3606, 3673
53,3452, 3387, 3753, 3904, 3423, 3465, 3429, 3803, 3603, 3654, 3667, 3800, 3732, 3776, 3735, 3817, 3870, 3810, 3719, 3678, 3416, 3782, 3527, 3551, 3408, 3839, 3795, 3540, 3652, 3417, 3509, 3801, 3430, 3537, 3607, 3612, 3642, 1477, 3487, 3903, 3811, 3857, 3525, 3532, 3501, 3545, 3875, 3550, 3502, 3505, 3623, 3461, 3463
78,3590, 3672, 3880, 3826, 3828, 3541, 3570, 3484, 3456, 3468, 3433, 3845, 3565, 3480, 3867, 3514, 3517, 1155, 3894, 3627, 3775, 3886, 3695, 3511, 3534, 3759, 3566, 3693, 3591, 3444, 3535, 3727, 3749, 3730, 3754, 3405, 3495, 3689, 3471, 3698, 3522, 3649, 3574, 3443, 3546, 3763, 3395, 3413, 3567, 3736, 3701, 3716, 3860, 3608, 3764, 3901, 3549, 3531, 3426, 3863, 3536, 3898, 3462, 3722, 3610, 1262, 3568, 3668, 3846, 3382, 3734, 3650, 3630, 3746, 3907, 3740, 3392, 3386
55,3498, 3829, 3561, 3675, 3594, 3819, 3777, 3799, 3425, 3617, 3653, 3657, 3710, 3440, 3415, 3681, 3647, 3445, 3669, 1822, 3641, 3552, 3581, 3661, 3470, 3791, 3793, 3432, 3790, 3773, 3824, 3859, 3485, 1794, 3671, 3883, 3448, 3500, 3909, 3494, 3394, 3439, 3564, 3543, 3598, 3787, 3510, 3400, 3721, 3518, 3449, 3768, 3690, 3840, 3868
32,3422, 3483, 3825, 3389, 3460, 3625, 3497, 3609, 3700, 3577, 3849, 3519, 3576, 3492, 3562, 3558, 3397, 3428, 3757, 3583, 3843, 3512, 3404, 3708, 3476, 3646, 3691, 3836, 3586, 3402, 3410, 3584
15,3589, 3601, 3900, 3725, 3850, 3469, 3621, 3637, 3658, 3879, 3905, 3640, 3412, 3842, 3474
9,3755, 3447, 3457, 3665, 3864, 3814, 3596, 3766, 3704
3,3643, 3506, 3769
3,3563, 3820, 3756
1,3808
0,
0,
0,
0,
0,
