1,3381
23,3386, 3427, 3432, 3437, 3449, 3451, 3462, 3533, 3557, 3565, 3615, 3632, 3700, 3710, 3712, 3714, 3720, 3776, 3821, 3830, 3873, 3887, 829
42,3411, 3417, 3482, 3497, 3514, 3523, 3530, 3534, 3540, 3545, 3551, 3559, 3604, 3653, 3655, 3689, 3690, 3716, 3748, 3754, 3774, 3794, 3799, 3802, 3832, 3833, 3906, 3907, 3468, 3868, 3501, 3862, 3876, 3829, 3824, 3579, 3711, 3520, 3713, 3398, 3537, 3614
65,3385, 3408, 3410, 3438, 3444, 3456, 3476, 3509, 3516, 3542, 3543, 3563, 3598, 3640, 3691, 3697, 3744, 3747, 3763, 3797, 3809, 3823, 3901, 3621, 3490, 3527, 3660, 3733, 3875, 3657, 3883, 3567, 3865, 3806, 3397, 3463, 3764, 3814, 3587, 3570, 3495, 3581, 3517, 3709, 3910, 3442, 3646, 3854, 3645, 3701, 3768, 3757, 3839, 3798, 3404, 3475, 3383, 3407, 3461, 3851, 3892, 3627, 3617, 3898, 3515
77,3391, 3428, 3487, 3529, 3549, 3555, 3560, 3564, 3610, 3620, 3649, 3680, 3694, 3739, 3801, 3807, 3822, 3857, 3886, 3897, 3902, 3531, 3773, 3566, 3734, 3759, 3453, 3412, 3574, 3601, 3562, 3860, 3658, 3435, 3785, 3469, 3550, 3834, 3730, 3511, 3561, 3596, 3859, 3884, 3771, 3728, 3866, 3896, 3643, 3817, 3903, 3552, 3642, 3791, 3394, 3439, 3460, 3506, 3558, 3630, 3470, 1050, 3882, 3870, 3890, 3498, 3877, 3667, 3647, 3384, 3782, 3800, 3842, 3810, 3727, 3546, 3489
104,3390, 3419, 3434, 3472, 3484, 3496, 3573, 3589, 3619, 3650, 3696, 3706, 3725, 3732, 3742, 3811, 3909, 3450, 3638, 3652, 3715, 3796, 3672, 3766, 3607, 3838, 3765, 3819, 3393, 833, 3575, 3387, 3402, 3777, 3835, 3612, 3880, 3525, 3761, 3447, 3669, 3863, 3430, 3783, 3591, 3699, 3392, 3568, 3675, 3488, 3721, 3466, 3888, 3586, 3676, 3569, 3729, 3735, 3674, 3678, 3414, 3500, 3719, 3661, 3582, 3803, 3577, 3905, 3695, 3513, 3471, 3756, 3418, 3648, 3528, 3740, 3422, 3787, 3521, 3499, 3813, 3784, 3704, 3415, 3755, 3840, 3900, 3663, 3679, 3503, 3786, 3853, 3399, 3576, 3474, 3406, 3828, 1278, 3687, 3624, 3705, 3556, 3518, 3519
78,3446, 3512, 3535, 3613, 3626, 3758, 3795, 3894, 3639, 3738, 3396, 842, 3416, 3789, 3440, 3837, 3665, 3879, 3623, 3524, 3677, 3845, 3760, 3693, 3609, 3731, 3751, 3448, 3775, 3668, 3686, 3812, 3633, 3492, 3457, 3736, 3745, 3425, 3441, 3867, 3595, 3793, 3637, 3692, 3846, 3467, 3770, 3405, 3767, 3491, 3662, 3836, 3762, 3409, 3502, 3590, 3505, 3741, 3805, 3382, 3602, 3389, 3480, 3641, 3685, 3420, 3790, 3654, 3443, 3433, 3753, 3780, 3864, 3452, 1330, 956, 1052, 3717
51,3426, 3478, 3522, 3703, 3707, 3781, 3788, 3815, 3856, 3841, 3746, 3847, 3885, 3541, 3477, 3749, 3424, 3584, 3606, 3599, 3510, 3778, 3532, 3722, 1545, 3904, 3889, 3539, 3494, 3459, 3848, 3608, 3723, 3664, 3401, 3899, 3825, 1103, 3831, 3400, 3625, 3583, 3445, 3611, 3594, 3454, 3622, 3458, 3580, 3750, 1547
31,3547, 3578, 3673, 3486, 839, 3843, 3881, 3869, 3413, 3553, 1140, 1155, 3858, 3698, 3682, 836, 3874, 3465, 3688, 3726, 3508, 3429, 3423, 3548, 1574, 1262, 3635, 1633, 1763, 3597, 1472
44,3493, 3631, 3656, 3683, 3872, 3485, 3395, 3772, 1380, 1525, 1662, 3585, 3827, 3455, 3600, 3636, 1519, 1760, 3464, 3536, 1430, 1620, 1807, 1298, 3421, 3659, 1453, 3483, 3852, 911, 1157, 1204, 1313, 3666, 1625, 100, 1482, 1541, 1562, 1570, 1494, 1594, 1839, 1420
143,3436, 3816, 3818, 550, 3651, 671, 3571, 3681, 3603, 3850, 1321, 3908, 3804, 1233, 1244, 1273, 3504, 3724, 1096, 1521, 1464, 3554, 912, 1111, 1115, 935, 1099, 1416, 1444, 1569, 1835, 1858, 1081, 1108, 1470, 1514, 1450, 1468, 1714, 1766, 962, 1043, 1725, 1746, 1750, 1817, 1074, 1216, 1292, 1328, 1337, 1748, 3593, 971, 1640, 1657, 1805, 932, 945, 958, 1513, 1619, 1678, 1687, 1710, 1044, 1175, 1671, 1737, 1757, 1252, 1351, 1567, 361, 405, 459, 874, 881, 892, 915, 939, 968, 991, 1006, 1040, 1114, 1142, 1170, 1172, 1176, 1258, 1271, 1311, 1367, 1382, 1414, 1437, 1439, 1483, 1487, 1548, 1553, 1556, 1565, 1613, 1617, 1630, 1646, 1667, 1683, 1688, 1724, 1786, 1787, 1803, 1833, 1834, 1851, 1860, 1707, 1808, 1571, 1761, 510, 925, 964, 1426, 1679, 1854, 1397, 1538, 1729, 1773, 918, 1019, 1143, 1407, 1510, 1642, 1674, 1320, 1442, 1394
288,3403, 3526, 3588, 3544, 3592, 3479, 1062, 1289, 888, 3388, 885, 3634, 1268, 1410, 1493, 1228, 1347, 1820, 1254, 1312, 1326, 1782, 1370, 1481, 1578, 1560, 1065, 1295, 1822, 938, 1053, 1703, 1718, 1756, 989, 1125, 1217, 1709, 1824, 924, 947, 1048, 1144, 1297, 1331, 1338, 1348, 1596, 1731, 1288, 893, 1381, 1134, 1336, 1566, 1722, 1135, 1147, 1498, 1790, 1013, 1091, 1122, 1160, 1795, 948, 1056, 1359, 1546, 887, 930, 933, 961, 1047, 1057, 1075, 1121, 1123, 1139, 1156, 1162, 1169, 1215, 1224, 1237, 1239, 1299, 1325, 1329, 1357, 1398, 1419, 1424, 1443, 1459, 1524, 1536, 1559, 1573, 1584, 1591, 1593, 1645, 1734, 1818, 1864, 916, 993, 1014, 1552, 1767, 1153, 1387, 1041, 1501, 1798, 1476, 1528, 897, 1241, 1349, 358, 468, 702, 773, 837, 861, 1290, 1680, 1791, 886, 1282, 1345, 1112, 1579, 1675, 866, 1726, 1350, 1770, 1600, 1792, 882, 1362, 1506, 1557, 1789, 875, 1095, 1248, 1632, 864, 1230, 1391, 1518, 1024, 1341, 1844, 1300, 1286, 1537, 1669, 1752, 969, 1296, 1376, 931, 1530, 1034, 1161, 1167, 1622, 1199, 1475, 1489, 1087, 1447, 960, 982, 1249, 1263, 1554, 1601, 1589, 1847, 1093, 1322, 1664, 1012, 1266, 1732, 1784, 1691, 1711, 1088, 943, 1698, 1146, 1191, 1284, 1211, 1302, 1583, 1780, 1089, 1409, 1626, 1783, 1168, 1305, 1417, 1616, 917, 1692, 1071, 1118, 1126, 1183, 398, 486, 538, 542, 546, 627, 628, 552, 359, 385, 475, 484, 1141, 1293, 1800, 375, 1251, 1776, 1051, 1516, 1017, 1431, 1441, 1291, 1618, 986, 1769, 979, 1317, 1555, 1610, 1814, 1673, 1828, 953, 997, 1066, 1342, 1637, 1154, 1004, 1369, 3110, 1446, 339, 1198, 1577, 966, 1866, 1084, 1838, 1492, 1558, 1378, 1428, 1400, 890, 899, 1076, 1137, 1358, 544, 1395, 1499, 393, 963, 1865, 1693, 994, 1479
284,3618, 3844, 3895, 1149, 1512, 3708, 3878, 3481, 862, 1127, 1739, 1411, 865, 909, 934, 975, 1015, 1018, 1020, 1059, 1100, 1145, 1158, 1201, 1253, 1259, 1277, 1280, 1333, 1392, 1438, 1457, 1462, 1477, 1480, 1515, 1517, 1543, 1563, 1572, 1585, 1628, 1635, 1663, 1715, 1745, 1762, 1774, 1779, 1840, 1768, 1250, 1429, 1496, 1365, 1802, 376, 440, 549, 802, 830, 831, 849, 856, 670, 1098, 1511, 1623, 3150, 1405, 1497, 998, 1246, 1694, 1301, 1353, 1226, 1823, 1232, 1005, 1576, 1842, 1580, 1401, 1039, 397, 553, 417, 536, 466, 490, 442, 445, 1644, 965, 1189, 1598, 1073, 374, 1327, 1334, 1434, 1448, 1686, 1068, 878, 1318, 1031, 936, 940, 1120, 1509, 1531, 1771, 3222, 913, 614, 1700, 1575, 1720, 903, 1148, 1332, 1086, 977, 478, 491, 937, 1659, 1799, 1045, 1163, 1203, 1561, 1819, 1021, 1227, 2916, 3167, 1550, 1377, 1775, 1028, 1867, 1460, 1609, 1033, 1186, 1304, 1816, 1092, 1008, 1129, 1221, 1316, 1764, 1785, 1016, 1151, 1207, 1257, 1604, 1849, 869, 1484, 1265, 1592, 922, 1649, 1701, 1672, 1283, 1079, 1648, 1797, 1133, 919, 1180, 1837, 1274, 1279, 1478, 449, 348, 481, 521, 528, 1319, 1335, 1532, 660, 678, 1882, 1888, 1984, 2099, 2142, 2272, 2286, 2347, 2592, 1159, 1042, 1399, 1728, 873, 1778, 1418, 1608, 1856, 1200, 1801, 1681, 1830, 1753, 334, 467, 515, 1077, 421, 522, 548, 353, 402, 508, 501, 509, 511, 532, 394, 439, 1261, 617, 351, 1602, 1413, 1587, 1488, 1682, 1455, 1607, 1666, 1850, 1863, 1306, 1032, 1188, 863, 1777, 985, 1699, 1001, 1116, 954, 1166, 578, 1408, 1606, 1206, 1461, 1708, 907, 1063, 1685, 1218, 3207, 3014, 1495, 1504, 927, 1229, 1303, 914, 1078, 1836, 883, 1696, 573, 476, 498, 526, 1404, 472, 1355
319,3538, 3616, 3671, 3737, 3473, 3826, 851, 1794, 563, 902, 970, 995, 996, 1025, 1038, 1097, 1150, 1182, 1242, 1287, 1340, 1383, 1432, 1520, 1586, 1634, 1676, 1704, 1843, 1848, 401, 838, 843, 1371, 2912, 1765, 891, 990, 411, 419, 424, 540, 341, 415, 499, 344, 423, 1406, 1220, 1500, 1713, 1373, 1689, 1751, 1106, 1192, 906, 1245, 1743, 1205, 1124, 1083, 1372, 1466, 1862, 1212, 2959, 1529, 1235, 1853, 1219, 1846, 1422, 1829, 974, 1236, 1643, 1568, 1243, 1612, 1055, 1747, 1809, 444, 347, 352, 879, 1841, 383, 828, 834, 825, 714, 2036, 2057, 2177, 2404, 1603, 1491, 363, 474, 399, 404, 529, 453, 525, 1471, 494, 1171, 1085, 1117, 1389, 1178, 976, 1094, 1781, 972, 1128, 1540, 1352, 1164, 1364, 1859, 1238, 1356, 1539, 1813, 1815, 1534, 446, 1735, 1275, 1690, 1177, 1590, 1624, 1845, 416, 1527, 1234, 1035, 1264, 1736, 946, 1827, 1061, 1454, 1544, 1240, 1255, 1067, 379, 408, 431, 410, 477, 682, 718, 792, 686, 799, 814, 1173, 2817, 3313, 1641, 988, 1542, 513, 644, 355, 345, 380, 512, 454, 387, 1436, 889, 493, 949, 1208, 1740, 1474, 2713, 2831, 1485, 983, 338, 1101, 3284, 1007, 1260, 1000, 1002, 1855, 1064, 1386, 1070, 984, 1152, 1276, 1831, 1132, 413, 901, 941, 711, 712, 724, 769, 800, 801, 813, 697, 772, 817, 1994, 2088, 2124, 2168, 2245, 2422, 2488, 2544, 2591, 1958, 2150, 2232, 2463, 2467, 2542, 2602, 2108, 2208, 2389, 2027, 2144, 2506, 2521, 1896, 2353, 2426, 2546, 2149, 2552, 2031, 2089, 2131, 2218, 2238, 2281, 2349, 2387, 2398, 2424, 2459, 1535, 2247, 2298, 1425, 1897, 2200, 1023, 337, 349, 414, 433, 458, 465, 473, 480, 482, 487, 471, 615, 884, 1502, 427, 436, 1697, 895, 1187, 1281, 539, 447, 429, 336, 463, 523, 1385, 1758, 880, 1209, 1197, 1705, 1772, 1788, 1467, 1549, 1046, 1270, 1285, 1343, 1366, 1222, 1804, 3252, 3032, 2649, 1727, 1346, 928, 1507, 1396, 1832, 1375, 430, 587, 497
353,3855, 3702, 3871, 3792, 1654, 867, 920, 1107, 1136, 1193, 1223, 1449, 1638, 1806, 777, 840, 2674, 1754, 1631, 1105, 1368, 1090, 1009, 896, 1384, 1759, 1463, 926, 1503, 1026, 1749, 1599, 1658, 1440, 959, 980, 1195, 1508, 504, 1184, 832, 848, 806, 700, 1910, 2103, 2106, 2204, 2415, 1361, 1421, 464, 500, 533, 389, 1695, 1072, 904, 1551, 1308, 2627, 1294, 1309, 496, 1755, 1639, 1049, 2724, 495, 694, 1522, 527, 455, 1655, 1716, 1269, 534, 1660, 898, 1267, 1456, 1723, 1310, 1412, 1324, 488, 1473, 2968, 955, 1190, 1523, 1196, 1652, 1730, 403, 507, 1360, 675, 689, 695, 706, 738, 740, 755, 757, 797, 820, 693, 699, 710, 1982, 2257, 2494, 1950, 1966, 2093, 2135, 2153, 2558, 128, 2453, 2554, 1868, 2178, 2462, 1876, 2024, 1904, 2009, 2083, 2104, 2283, 2296, 2129, 2442, 2484, 1911, 2236, 2291, 362, 371, 390, 420, 372, 377, 505, 425, 929, 1661, 1110, 1742, 1194, 2669, 2793, 2795, 3035, 1656, 1793, 373, 435, 1611, 1852, 3103, 1614, 382, 340, 434, 503, 479, 3128, 3141, 1721, 1706, 519, 726, 739, 747, 720, 807, 2351, 2423, 2461, 2138, 2235, 2300, 2337, 2411, 2413, 2186, 2197, 2248, 2518, 1937, 2082, 579, 581, 620, 343, 537, 354, 388, 418, 1588, 1131, 1595, 520, 1427, 592, 1451, 1629, 957, 1677, 815, 751, 760, 791, 667, 681, 729, 2939, 2940, 3274, 2679, 3197, 2626, 2652, 2656, 2659, 2663, 2665, 2687, 2705, 2717, 2720, 2763, 2764, 2784, 2838, 2869, 2911, 2914, 2925, 2996, 3019, 3027, 3061, 3066, 3083, 3097, 3100, 3160, 3169, 3212, 3247, 3279, 3286, 3299, 3303, 3312, 3362, 3366, 450, 381, 1272, 3329, 2683, 3053, 1490, 1826, 668, 795, 850, 679, 692, 707, 725, 786, 704, 796, 743, 2042, 1943, 2098, 2304, 2465, 2586, 1872, 2372, 2565, 2566, 2182, 2271, 2246, 2255, 2338, 1941, 2195, 1895, 1926, 2116, 2146, 2157, 2010, 2072, 2242, 2096, 2315, 2319, 2508, 2018, 2352, 2226, 2449, 1988, 2220, 2028, 2221, 2539, 2460, 2548, 2547, 2003, 2330, 1998, 2201, 2090, 1879, 2066, 1963, 2325, 2343, 2498, 2495, 2598, 2385, 2013, 2008, 2559, 2584, 2056, 2002, 2015, 2382, 2543, 2550, 2222, 506, 346, 1582, 3123, 2905, 868, 589
421,3769, 3779, 987, 1109, 1113, 1214, 1225, 1605, 742, 2924, 2953, 530, 568, 1102, 942, 1315, 3820, 1080, 876, 1213, 1029, 585, 611, 622, 657, 583, 1684, 1744, 1581, 1119, 1104, 1564, 1452, 1526, 3239, 819, 733, 588, 877, 1027, 3305, 870, 2830, 973, 1247, 691, 731, 741, 770, 811, 2285, 2410, 2578, 2391, 2532, 2557, 2087, 2320, 412, 432, 554, 1415, 407, 457, 406, 357, 1702, 1738, 1533, 3223, 3203, 908, 1653, 621, 543, 1651, 3275, 598, 1037, 2650, 1181, 2233, 2277, 2373, 1903, 2258, 2289, 562, 502, 1741, 1082, 944, 1363, 360, 696, 746, 709, 768, 2887, 3340, 2801, 3272, 2638, 2662, 2697, 2708, 2753, 2761, 2777, 2824, 2834, 2861, 2952, 2964, 2983, 2987, 3045, 3046, 3094, 3112, 3155, 3230, 3231, 3232, 3262, 3309, 3314, 3317, 3330, 3370, 3376, 52, 3168, 643, 1465, 812, 701, 737, 765, 779, 674, 2193, 2332, 2321, 2425, 1915, 1901, 2175, 2430, 1938, 1900, 2187, 2476, 2097, 2538, 2268, 2420, 2511, 2342, 2118, 2380, 2241, 2429, 2080, 2282, 2152, 2189, 2469, 1959, 2477, 2406, 1995, 2183, 2301, 2361, 2481, 2490, 2512, 378, 367, 437, 1636, 3114, 2796, 1174, 606, 816, 727, 783, 905, 1202, 400, 688, 2608, 365, 470, 2910, 541, 1374, 551, 753, 784, 1894, 1945, 1999, 2120, 2334, 2370, 2433, 2493, 2280, 2589, 17, 1878, 1906, 1949, 1960, 2020, 2030, 2075, 2111, 2112, 2113, 2130, 2145, 2172, 2188, 2225, 2267, 2348, 2354, 2360, 2414, 2431, 2457, 2482, 2492, 2497, 2500, 2501, 2514, 2526, 2605, 2609, 2595, 2308, 2480, 3064, 2657, 3119, 3043, 1733, 461, 3130, 3218, 3297, 2682, 2842, 3118, 721, 756, 776, 810, 2297, 2309, 2327, 2371, 2412, 2536, 1993, 2043, 2155, 2207, 2224, 2276, 2162, 1924, 2317, 605, 565, 642, 3017, 3028, 3048, 3191, 3294, 2885, 3078, 3341, 2811, 3096, 3235, 2730, 2765, 3056, 3108, 3134, 2667, 3255, 3184, 3224, 3243, 3350, 3378, 3344, 2680, 3377, 2950, 2806, 3054, 2643, 2877, 3024, 3069, 3268, 3292, 2632, 2934, 2994, 2655, 2812, 2822, 3240, 3335, 2977, 3288, 3336, 2678, 2703, 2825, 3375, 3196, 3315, 2673, 2778, 2852, 3036, 3098, 3151, 2818, 2849, 3062, 2774, 3200, 3219, 3131, 3143, 3339, 2614, 2898, 673, 666, 669, 750, 2213, 2417, 2522, 1965, 2165, 2452, 2214, 1976, 2079, 2253, 2316, 2573, 2579, 2176, 2601, 2278, 1985, 2263, 2517, 2561, 2040, 1908, 2110, 2346, 2362, 2523, 2529, 1935, 2048, 2095, 2119, 2345, 2005, 2196, 2485, 2169, 1898, 2368, 2531, 2078, 2166, 2174, 2284, 2322, 2553, 2001, 2228, 2252, 2261, 2421, 2604, 2574, 1940, 2034, 2109, 2229, 2305, 2376, 2451, 2505, 2603, 2045, 2455, 2471, 1929, 2617, 3086
482,3670, 3628, 3572, 894, 1670, 1469, 782, 846, 857, 1388, 1393, 2642, 2927, 858, 662, 1060, 1339, 1307, 1314, 1812, 2840, 3070, 370, 1486, 1861, 3107, 684, 781, 803, 818, 2159, 2180, 2265, 364, 518, 531, 607, 631, 2807, 1054, 1857, 1323, 1210, 356, 787, 2473, 569, 602, 609, 623, 630, 641, 648, 653, 366, 728, 2969, 3291, 2707, 2736, 3302, 2623, 2624, 2726, 2786, 2788, 2799, 2827, 2835, 2892, 2920, 2937, 2938, 2943, 2970, 2973, 3003, 3010, 3042, 3077, 3081, 3082, 3091, 3148, 3154, 3176, 3205, 3229, 3246, 3249, 3270, 3324, 3334, 2771, 2990, 650, 715, 785, 676, 2244, 1987, 2275, 2092, 2139, 2065, 2366, 2590, 3008, 950, 2851, 2886, 2947, 1256, 687, 685, 716, 2303, 1899, 1939, 2164, 2251, 2386, 311, 2533, 96, 2470, 1891, 1961, 1981, 1991, 2100, 2198, 2231, 2314, 2399, 2478, 2487, 2562, 2597, 2606, 2998, 3106, 2967, 3241, 3180, 744, 1920, 1944, 2340, 2525, 2607, 2054, 2021, 574, 561, 489, 923, 808, 3115, 3149, 3242, 2742, 2789, 3348, 2664, 2691, 3183, 3208, 3133, 3159, 3079, 2794, 2975, 2988, 3296, 3304, 2692, 2908, 3030, 3050, 3182, 2722, 2942, 2974, 2629, 2712, 2879, 3065, 3306, 2699, 2965, 3063, 3171, 3237, 2821, 2826, 2985, 2936, 3325, 3374, 3265, 2677, 2751, 2816, 2747, 2926, 2989, 3295, 3136, 3146, 3152, 3113, 3199, 2701, 2739, 767, 821, 2269, 1869, 2140, 2405, 2262, 2307, 2416, 2067, 2094, 2160, 2519, 2062, 2163, 2288, 1992, 2381, 2440, 2053, 2064, 2086, 2541, 2435, 2011, 2402, 2143, 1918, 2211, 1881, 2070, 2483, 3356, 3198, 754, 766, 633, 3281, 2819, 2843, 2572, 2019, 2025, 2167, 600, 613, 556, 805, 2921, 2610, 2884, 3004, 3022, 2865, 3228, 2721, 2823, 3209, 2772, 2933, 3095, 2863, 3059, 3331, 3012, 3120, 3355, 3359, 2710, 3321, 2668, 2956, 3025, 2853, 2854, 3173, 3310, 789, 661, 2396, 2472, 2050, 2058, 2491, 2549, 1996, 2504, 2510, 1885, 2367, 2039, 2191, 2194, 2339, 2560, 2014, 2047, 2102, 2105, 2556, 2259, 2502, 2507, 2033, 2091, 2134, 2041, 2154, 2293, 2436, 2012, 2038, 2215, 1902, 547, 3105, 2318, 441, 2312, 2419, 2528, 2587, 2170, 2450, 2540, 2551, 2383, 2568, 1909, 2489, 1884, 1874, 2059, 2260, 2016, 2329, 1907, 2114, 2179, 2250, 151, 195, 221, 302, 1913, 2063, 2571, 2580, 2071, 2408, 2085, 1953, 2076, 1946, 2279, 1986, 1873, 2127, 2292, 2287, 2564, 2428, 1989, 2621, 2782, 2618, 2986, 3216, 2616, 3250, 3058, 2446, 2323, 1927, 2458, 2503, 2515, 1955, 1962, 2156, 2400, 645, 3221, 2981, 3289, 3301, 3047, 3057, 3363, 2972, 3179, 3293, 2729, 3007, 3211, 2982, 2895, 2899, 2837, 3264, 3157, 3177, 2760, 2797, 2661, 3092, 2876, 3285, 2820, 2860, 2896, 3328, 2704, 2706, 2915, 2625, 2828, 2857, 2980, 3140, 2690, 2856, 3307, 2644, 3044, 3187, 2997, 3075, 3041, 2735, 2868, 2839, 3343, 2686, 3023, 3210, 3122, 2688, 2901, 2962, 2882, 3371, 3164, 2733, 2702, 2635, 2829, 2791, 752, 2249, 2023, 1922, 2240, 1919, 2363, 2427, 2306, 2357, 2077, 2344, 2443, 2243, 1942, 1957, 2017, 2651, 3257
286,3605, 1821, 872, 1003, 1011, 1435, 844, 1668, 395, 951, 1379, 1811, 1825, 841, 798, 3189, 672, 708, 730, 734, 735, 822, 2359, 422, 438, 443, 462, 1615, 745, 664, 636, 517, 736, 3214, 2630, 2672, 2684, 2768, 2780, 2808, 2832, 2833, 2841, 2845, 2862, 2872, 2888, 2909, 2923, 2935, 2944, 2992, 2993, 3051, 3060, 3074, 3192, 759, 2393, 2227, 2206, 2132, 1403, 2728, 1980, 2883, 2073, 50, 1948, 1983, 2022, 2061, 2074, 2117, 2401, 2409, 2437, 2499, 2567, 2576, 1917, 469, 1875, 1947, 1978, 2727, 3033, 2675, 3201, 2762, 2866, 2873, 2749, 3104, 2628, 2734, 2929, 3052, 3287, 2880, 900, 677, 2121, 2256, 2555, 2081, 1886, 1931, 2029, 2633, 3124, 780, 2711, 2906, 2957, 3144, 3233, 3276, 610, 981, 3311, 3139, 3260, 2658, 2740, 2875, 2613, 3290, 3361, 2963, 3204, 2622, 2798, 0, 2004, 2212, 2209, 2779, 22, 180, 1883, 2527, 2264, 2418, 2513, 2611, 3018, 2804, 3116, 2781, 2745, 703, 1970, 655, 2714, 3353, 2949, 2719, 2891, 3193, 2922, 3011, 3245, 2615, 3001, 2759, 2731, 3158, 3178, 3338, 3379, 2776, 2755, 2666, 2695, 2810, 3174, 2893, 2948, 2647, 3016, 3165, 2941, 3360, 3256, 3373, 3347, 1974, 2524, 2496, 2266, 2270, 3102, 2752, 809, 584, 560, 566, 3271, 2858, 3248, 2612, 3227, 3175, 2958, 3138, 2971, 2800, 3283, 2660, 3318, 2594, 1870, 2569, 2044, 2151, 2439, 1916, 2324, 2147, 2445, 2596, 2966, 1930, 2378, 2379, 2299, 604, 2743, 3129, 3076, 2758, 2802, 2904, 2999, 2814, 2918, 3202, 1977, 2101, 2364, 3300, 599, 629, 558, 580, 647, 2694, 3125, 2894, 2930, 2084, 2216, 1877, 2535, 2582, 2006, 2126, 1951, 1887, 1954, 300, 91, 279, 9, 266, 291, 2202, 2803, 3186, 2336, 1972, 2700, 2744, 2903, 3049, 2619, 3322, 2844, 3088, 3308, 2859, 2815, 2698, 2631, 1975
198,3629, 3861, 1458, 1505, 1402, 1010, 572, 1597, 1433, 778, 823, 2447, 369, 451, 2634, 1719, 1030, 1058, 582, 409, 2689, 2716, 2878, 2900, 3020, 3039, 3117, 3142, 3195, 3342, 3346, 625, 2185, 2219, 1621, 2203, 190, 1796, 3029, 826, 717, 2331, 2585, 1880, 1932, 1967, 2294, 2355, 2369, 2377, 2746, 3326, 3194, 2945, 3259, 2871, 3190, 775, 1928, 2577, 2593, 2051, 1979, 646, 2141, 596, 3084, 652, 793, 790, 2955, 3354, 3153, 2907, 3181, 2951, 2000, 2600, 3037, 2620, 1914, 81, 240, 270, 312, 2575, 2341, 2537, 1990, 1956, 2932, 2792, 1936, 2237, 2961, 2785, 3055, 3332, 2864, 3147, 3090, 3278, 3034, 3021, 2732, 2026, 2356, 1665, 2775, 3364, 658, 595, 635, 570, 608, 2855, 2890, 2468, 2881, 23, 2563, 559, 2813, 3085, 3109, 3263, 2750, 2239, 2407, 2946, 2295, 2534, 2588, 309, 53, 191, 201, 2388, 3009, 2769, 2867, 2917, 3031, 2979, 2693, 2173, 3220, 2725, 2902, 3015, 56, 75, 274, 278, 285, 2599, 2438, 2654, 3156, 3273, 3358, 25, 73, 95, 268, 293, 301, 322, 323, 2273, 49, 225, 228, 1968, 2375, 2115, 2313, 649, 3365, 3269, 2836, 2052, 2474, 2190, 2032, 2128, 597, 571, 3099, 192, 319, 11, 106, 134, 168, 241, 3, 2783
143,3718, 3891, 1130, 1165, 1627, 1179, 854, 1445, 705, 350, 3349, 2709, 835, 524, 516, 2648, 2913, 3005, 3068, 3126, 3170, 3188, 3267, 764, 2210, 2137, 719, 114, 1871, 2133, 2326, 2636, 3166, 859, 593, 619, 640, 2995, 758, 2223, 794, 656, 3266, 162, 212, 331, 2290, 2466, 852, 638, 2767, 2790, 2161, 1921, 2181, 978, 3132, 3238, 3185, 3162, 61, 164, 1892, 1890, 2125, 2046, 3337, 2991, 307, 321, 21, 5, 269, 3040, 335, 3333, 124, 177, 2509, 2037, 2464, 2107, 2060, 2148, 3380, 28, 32, 57, 80, 104, 246, 250, 251, 254, 263, 280, 3323, 26, 68, 72, 2756, 2754, 2184, 1889, 3367, 3261, 2136, 2441, 260, 325, 125, 140, 178, 133, 2645, 3258, 2681, 1933, 153, 659, 626, 2581, 2718, 118, 210, 120, 110, 3161, 3327, 2889, 227, 179, 255, 167, 265, 310, 102, 3244, 328, 295, 35, 60, 59
121,871, 1185, 1354, 1390, 1650, 999, 952, 1069, 1923, 392, 557, 860, 564, 577, 637, 2741, 2954, 3002, 3145, 1810, 575, 2960, 138, 910, 2639, 2738, 2931, 2350, 683, 788, 639, 3217, 2696, 258, 2530, 2302, 2456, 2358, 119, 161, 654, 3026, 3213, 492, 732, 2444, 284, 7, 586, 594, 3137, 3225, 2454, 3038, 97, 634, 3135, 3251, 111, 203, 2486, 921, 31, 67, 101, 121, 136, 139, 154, 229, 234, 277, 299, 150, 2976, 2715, 2847, 2333, 590, 616, 2311, 115, 247, 44, 2365, 1, 127, 3277, 1934, 39, 211, 89, 315, 187, 2192, 749, 680, 591, 290, 2069, 261, 13, 287, 296, 69, 276, 224, 145, 2570, 2384, 1971, 129, 313, 15, 2397, 305, 326, 235, 218, 612, 2809
64,3507, 163, 967, 992, 1344, 748, 545, 618, 2928, 2685, 2723, 3006, 3206, 1022, 30, 1969, 2516, 2475, 651, 2310, 113, 2035, 2448, 2637, 3253, 663, 316, 2646, 3298, 2171, 1905, 47, 54, 107, 132, 196, 231, 332, 2392, 2479, 27, 3127, 762, 2773, 624, 202, 220, 286, 157, 10, 665, 170, 237, 2068, 257, 298, 2870, 87, 243, 318, 567, 603, 143, 85
56,3431, 3849, 3893, 845, 723, 384, 456, 165, 2671, 3072, 3280, 386, 2230, 3080, 3226, 206, 2641, 722, 1964, 36, 62, 105, 141, 158, 171, 232, 283, 327, 78, 148, 282, 2670, 176, 3087, 172, 324, 99, 116, 51, 98, 304, 2217, 249, 94, 3013, 333, 122, 204, 215, 24, 34, 2055, 20, 126, 2403, 188
46,3684, 1036, 2978, 3121, 3352, 117, 1893, 2199, 3368, 3111, 2874, 713, 3316, 288, 3089, 1997, 2, 14, 55, 74, 149, 329, 2676, 2520, 3073, 2850, 2158, 186, 173, 262, 2394, 2748, 273, 213, 18, 66, 3372, 82, 108, 3000, 2328, 317, 330, 448, 142, 12
34,3644, 3743, 632, 774, 2653, 3071, 3320, 2234, 368, 771, 2205, 3254, 485, 259, 3163, 2770, 103, 144, 182, 601, 2766, 2787, 2897, 86, 239, 226, 109, 289, 19, 4, 16, 169, 2254, 42
25,1423, 2737, 2123, 2545, 3351, 855, 2434, 2848, 3234, 38, 58, 71, 189, 253, 2274, 3369, 92, 135, 306, 264, 198, 77, 181, 2122, 48
21,763, 804, 2395, 2583, 3236, 3345, 252, 156, 3215, 272, 2640, 297, 216, 137, 238, 320, 93, 2374, 267, 6, 2049
18,342, 396, 761, 3282, 159, 194, 197, 200, 460, 131, 209, 308, 3093, 63, 88, 3357, 256, 8
17,2757, 514, 2846, 123, 152, 294, 217, 483, 303, 160, 3101, 1952, 690, 84, 40, 207, 79
11,1647, 426, 3172, 219, 2007, 45, 208, 155, 184, 193, 214
10,535, 3319, 2919, 242, 33, 175, 853, 130, 76, 1973
7,827, 2432, 236, 248, 2805, 64, 65
5,3752, 1925, 112, 275, 185
7,847, 3067, 391, 174, 223, 70, 147
5,698, 452, 314, 824, 1912
1,183
4,1138, 1712, 46, 555
2,271, 146
2,43, 90
2,1231, 205
1,230
2,1717, 29
2,2984, 41
4,576, 222, 245, 166
2,281, 292
2,37, 3911
5,83, 3920, 3945, 3951, 3952
2,3808, 3950
6,233, 3923, 3926, 3928, 3948, 3936
5,3947, 3954, 3955, 3962, 3932
3,2390, 3918, 3913
4,3922, 3946, 3942, 3949
2,3943, 3961
10,428, 244, 3941, 3953, 3925, 3930, 3927, 3915, 3924, 3934
2,3921, 3938
3,3937, 3935, 3944
3,3912, 3956, 3919
1,3916
2,3929, 3914
1,2335
2,3917, 3939
1,3960
1,3933
4,3940, 3957, 3959, 3958
